#Results from heasarc_swiftgrb: Swift Gamma Ray Bursts Catalog
#Coordinate system:  Equatorial
#%|name       |ra         |dec        |bat_peakfluxp|bat_peakfluxp_err|redshift|redshift_err|redshift_type|
|GRB 041217 |10 59 09.60|-17 56 38.4|     6.82e+00|         4.83e-01|        |            |             |
|GRB 041223 |06 40 47.33|-37 04 23.1|     7.58e+00|         2.88e-01|        |            |             |
|GRB 041224 |03 44 46.08|-06 39 57.6|     2.95e+00|         2.93e-01|        |            |             |
|GRB 050124 |12 51 30.70|+13 02 42.0|     5.68e+00|         3.62e-01|        |            |             |
|GRB 050128 |14 38 17.66|-34 45 54.7|     7.50e+00|         6.63e-01|        |            |             |
|GRB 050219A|11 05 38.98|-40 41 03.1|     3.55e+00|         3.36e-01|        |            |             |
|GRB 050219B|05 25 15.99|-57 45 28.7|     2.47e+01|         1.28e+00|        |            |             |
|GRB 050306 |18 49 14.48|-09 09 10.0|     3.52e+00|         4.65e-01|        |            |             |
|GRB 050326 |00 27 49.10|-71 22 16.3|     1.22e+01|         3.24e-01|        |            |             |
|GRB 050401 |16 31 28.81|+02 11 14.2|     1.09e+01|         8.81e-01|  2.8983|      0.0004|S            |
|GRB 050416A|12 33 54.60|+21 03 26.7|     4.77e+00|         3.99e-01|  0.6528|      0.0002|S            |
|GRB 050416B|08 55 23.28|+11 11 09.6|     6.09e+00|         5.63e-01|        |            |             |
|GRB 050418 |02 57 21.36|-18 32 31.2|     3.70e+00|         2.72e-01|        |            |             |
|GRB 050525A|18 32 32.60|+26 20 23.5|     4.10e+01|         4.19e-01|  0.6060|            |S            |
|GRB 050603 |02 39 56.89|-25 10 54.6|     1.53e+01|         8.49e-01|  2.8210|            |S            |
|GRB 050701 |15 09 01.68|-59 24 52.5|     2.75e+00|         1.63e-01|        |            |             |
|GRB 050713A|21 22 09.53|+77 04 29.5|     4.59e+00|         3.00e-01|  3.6000|            |PL           |
|GRB 050717 |14 17 24.48|-50 32 00.7|     6.26e+00|         2.82e-01|        |            |             |
|GRB 050724 |16 24 44.38|-27 32 27.5|     3.39e+00|         2.80e-01|  0.2580|      0.0020|S            |
|GRB 050802 |14 37 05.69|+27 47 12.2|     2.68e+00|         4.29e-01|  1.7102|            |S            |
|GRB 050820B|09 02 25.03|-72 38 44.0|     3.92e+00|         1.64e-01|        |            |             |
|GRB 050922C|21 09 33.30|-08 45 27.5|     7.04e+00|         2.75e-01|  2.1995|      0.0010|S            |
|GRB 051109A|22 01 15.31|+40 49 23.3|     3.89e+00|         6.58e-01|  2.3460|            |S            |
|GRB 051221A|21 54 48.64|+16 53 27.4|     1.21e+01|         3.03e-01|  0.5465|            |S            |
|GRB 060105 |19 50 00.68|+46 20 56.0|     7.28e+00|         3.39e-01|  4.0000|      1.3000|G            |
|GRB 060117 |21 51 36.13|-59 58 39.1|     4.88e+01|         9.34e-01|  0.4500|      0.2000|G            |
|GRB 060206 |13 31 43.42|+35 03 03.6|     2.78e+00|         1.40e-01|  4.0480|      0.0002|S            |
|GRB 060210 |03 50 57.37|+27 01 34.4|     2.72e+00|         2.69e-01|  3.9133|            |S            |
|GRB 060223B|16 56 58.08|-30 48 46.8|     2.90e+00|         1.93e-01|        |            |             |
|GRB 060306 |02 44 22.88|-02 08 54.7|     5.92e+00|         3.00e-01|        |            |             |
|GRB 060313 |04 26 28.40|-10 50 40.1|     1.08e+01|         3.66e-01|  1.7000|            |P            |
|GRB 060418 |15 45 42.60|-03 38 20.0|     6.58e+00|         2.98e-01|  1.4901|      0.0010|S            |
|GRB 060421 |22 54 33.03|+62 43 51.6|     2.90e+00|         1.66e-01|        |            |             |
|GRB 060510A|06 23 27.98|-01 09 46.2|     1.48e+01|         1.02e+00|        |            |             |
|GRB 060614 |21 23 32.08|-53 01 36.2|     1.15e+01|         6.38e-01|  0.1257|            |S            |
|GRB 060813 |07 27 35.36|-29 50 49.4|     8.90e+00|         3.33e-01|  2.3800|      0.4000|G            |
|GRB 060814 |14 45 21.30|+20 35 10.2|     7.26e+00|         2.40e-01|  1.9229|      0.0004|S            |
|GRB 060825 |01 12 29.45|+55 47 50.9|     2.61e+00|         1.50e-01|  2.0000|      0.6000|G            |
|GRB 060904A|15 50 54.67|+44 59 08.3|     4.90e+00|         1.71e-01|  1.8400|      0.8500|G            |
|GRB 060908 |02 07 18.36|+00 20 31.2|     3.09e+00|         2.30e-01|  1.8836|      0.0004|S            |
|GRB 060912A|00 21 08.16|+20 58 17.8|     8.27e+00|         3.66e-01|  0.9370|            |S            |
|GRB 060927 |21 58 11.93|+05 21 50.3|     2.68e+00|         1.60e-01|  5.4636|            |S            |
|GRB 061006 |07 24 07.56|-79 11 55.5|     5.26e+00|         1.94e-01|  0.4377|      0.0002|S            |
|GRB 061007 |03 05 19.60|-50 30 02.4|     1.47e+01|         3.04e-01|  1.2622|            |S            |
|GRB 061021 |09 40 36.12|-21 57 05.4|     6.12e+00|         2.34e-01|  0.3463|            |S            |
|GRB 061121 |09 48 54.55|-13 11 42.4|     2.13e+01|         3.07e-01|  1.3145|            |S            |
|GRB 061126 |05 46 24.43|+64 12 38.8|     9.77e+00|         3.33e-01|  1.1588|      0.0006|S            |
|GRB 061201 |22 08 32.09|-74 34 47.1|     3.58e+00|         2.65e-01|        |            |             |
|GRB 061210 |09 38 05.15|+15 37 15.7|     2.83e+00|         2.90e-01|  0.4095|      0.0001|S            |
|GRB 061222A|23 53 03.42|+46 31 58.6|     6.44e+00|         1.86e-01|  2.0880|            |S            |
|GRB 070220 |02 19 06.95|+68 48 16.8|     2.70e+00|         2.12e-01|  2.1500|      0.8000|G            |
|GRB 070306 |09 52 23.29|+10 28 55.5|     4.04e+00|         1.78e-01|  1.4965|            |S            |
|GRB 070328 |04 20 27.68|-34 04 00.7|     4.22e+00|         2.22e-01|  3.5000|            |SL           |
|GRB 070420 |08 04 55.17|-45 33 20.0|     7.09e+00|         7.22e-01|  1.5600|      0.3500|G            |
|GRB 070508 |20 51 12.07|-78 23 07.0|     2.43e+01|         4.06e-01|  0.8200|            |S            |
|GRB 070521 |16 10 38.62|+30 15 22.4|     6.52e+00|         2.36e-01|  0.5530|            |S            |
|GRB 070628 |07 41 06.09|-20 16 45.4|     4.94e+00|         2.99e-01|        |            |             |
|GRB 070714B|03 51 22.23|+28 17 50.8|     2.72e+00|         1.54e-01|  0.9200|            |S            |
|GRB 070911 |01 43 14.40|-33 29 02.5|     3.89e+00|         1.61e-01|        |            |             |
|GRB 070917 |19 35 40.53|+02 24 40.4|     8.48e+00|         2.39e-01|  2.4000|      1.2000|G            |
|GRB 071003 |20 07 24.12|+10 56 51.8|     6.40e+00|         3.52e-01|  1.6043|            |S            |
|GRB 071010B|10 02 09.24|+45 43 49.7|     7.29e+00|         2.08e-01|  0.9470|            |S            |
|GRB 071020 |07 58 39.78|+32 51 40.4|     8.39e+00|         2.14e-01|  2.1462|            |S            |
|GRB 071117 |22 20 10.42|-63 26 35.5|     1.10e+01|         3.42e-01|  1.3308|            |S            |
|GRB 080218B|11 51 49.65|-53 05 48.5|     2.81e+00|         5.79e-01|        |            |             |
|GRB 080229A|15 12 52.26|-14 42 16.1|     7.44e+00|         3.14e-01|        |            |             |
|GRB 080319A|13 45 20.01|+44 04 48.6|     2.65e+00|         6.12e-01|        |            |             |
|GRB 080319B|14 31 40.98|+36 18 08.8|     2.51e+01|         3.13e-01|  0.9382|            |S            |
|GRB 080319C|17 15 55.49|+55 23 30.6|     5.08e+00|         3.09e-01|  1.9492|            |S            |
|GRB 080328 |05 21 55.87|+47 30 39.4|     5.49e+00|         3.28e-01|  2.5000|            |PL           |
|GRB 080409 |05 37 19.29|+05 05 05.7|     3.61e+00|         2.62e-01|        |            |             |
|GRB 080411 |02 31 55.19|-71 18 07.3|     3.87e+01|         3.82e-01|  1.0301|            |S            |
|GRB 080413A|19 09 11.75|-27 40 40.0|     5.40e+00|         2.12e-01|  2.4330|            |S            |
|GRB 080413B|21 44 34.65|-19 58 52.4|     1.80e+01|         6.21e-01|  1.1014|            |S            |
|GRB 080426 |01 45 59.80|+69 28 06.6|     4.43e+00|         2.56e-01|        |            |             |
|GRB 080430 |11 01 14.76|+51 41 08.3|     2.65e+00|         1.44e-01|  0.7670|            |S            |
|GRB 080515 |00 12 39.00|+32 34 41.0|     3.42e+00|         6.67e-01|        |            |             |
|GRB 080602A|01 16 42.17|-09 13 55.9|     2.74e+00|         2.06e-01|        |            |             |
|GRB 080603B|11 46 07.66|+68 03 40.0|     3.54e+00|         1.57e-01|  2.6892|            |S            |
|GRB 080605 |17 28 30.05|+04 00 56.0|     1.96e+01|         4.84e-01|  1.6403|      0.0006|S            |
|GRB 080607 |12 59 47.20|+15 55 10.7|     2.32e+01|         1.01e+00|  3.0368|            |S            |
|GRB 080613B|11 35 11.52|-07 06 18.1|     2.76e+00|         1.70e-01|        |            |             |
|GRB 080714 |12 32 25.49|-60 16 39.3|     4.19e+00|         2.72e-01|        |            |             |
|GRB 080721 |14 57 55.86|-11 43 24.5|     1.81e+01|         1.38e+00|  2.5914|      0.0010|S            |
|GRB 080727B|18 27 26.05|+01 09 47.7|     7.61e+00|         2.71e-01|  5.5000|            |PL           |
|GRB 080804 |21 54 40.20|-53 11 04.6|     3.07e+00|         4.42e-01|  2.2045|            |S            |
|GRB 080915B|14 12 21.12|-11 29 24.0|     8.16e+00|         2.66e-01|        |            |             |
|GRB 080916A|22 25 06.20|-57 01 22.9|     2.62e+00|         1.59e-01|  0.6887|            |S            |
|GRB 081007 |22 39 50.39|-40 08 49.2|     2.85e+00|         3.37e-01|  0.5295|      0.0001|S            |
|GRB 081121 |05 57 06.15|-60 36 10.0|     3.46e+00|         7.09e-01|  2.5120|            |S            |
|GRB 081126 |21 34 03.59|+48 42 38.3|     3.71e+00|         2.01e-01|  2.4000|            |PL           |
|GRB 081203A|15 32 07.58|+63 31 14.8|     2.81e+00|         1.93e-01|  2.0500|      0.0100|S            |
|GRB 081221 |01 03 10.25|-24 32 53.3|     1.73e+01|         3.50e-01|  0.7000|      0.1000|G            |
|GRB 081222 |01 30 57.59|-34 05 41.5|     7.44e+00|         2.00e-01|  2.7700|            |S            |
|GRB 090102 |08 32 58.54|+33 06 51.1|     5.37e+00|         6.31e-01|  1.5470|            |S            |
|GRB 090129 |17 56 25.20|-32 47 34.8|     3.74e+00|         1.88e-01|        |            |             |
|GRB 090201 |06 08 12.48|-46 35 24.2|     1.45e+01|         9.92e-01|        |            |             |
|GRB 090301A|22 32 34.08|+26 38 20.4|     1.87e+01|         5.23e-01|        |            |             |
|GRB 090306B|15 24 49.97|-06 58 04.8|     3.05e+00|         1.85e-01|        |            |             |
|GRB 090401A|23 23 41.04|+29 45 46.8|     1.10e+01|         3.91e-01|        |            |             |
|GRB 090401B|06 20 21.06|-08 58 19.2|     2.28e+01|         4.16e-01|  3.0000|            |PL           |
|GRB 090418B|15 03 38.40|+17 13 12.0|     1.02e+01|         4.17e-01|        |            |             |
|GRB 090424 |12 38 05.10|+16 50 14.7|     6.95e+01|         1.15e+00|  0.5440|            |S            |
|GRB 090510 |22 14 12.56|-26 34 59.0|     4.41e+00|         5.33e-01|  0.9030|      0.0030|S            |
|GRB 090530 |11 57 40.50|+26 35 38.4|     3.18e+00|         2.67e-01|  1.2800|      0.1600|P            |
|GRB 090618 |19 35 58.69|+78 21 24.3|     3.80e+01|         4.95e-01|  0.5400|            |S            |
|GRB 090709A|19 19 42.64|+60 43 39.3|     7.71e+00|         2.59e-01|        |            |             |
|GRB 090715A|10 08 27.60|+10 00 18.0|     3.70e+00|         4.39e-01|        |            |             |
|GRB 090715B|16 45 21.67|+44 50 21.0|     3.72e+00|         1.67e-01|  3.0000|            |S            |
|GRB 090720A|13 34 43.33|-10 20 04.9|     3.22e+00|         1.11e+00|        |            |             |
|GRB 090812 |23 32 48.55|-10 36 17.0|     3.56e+00|         1.95e-01|  2.4520|            |S            |
|GRB 090813 |15 03 08.48|+88 34 05.5|     8.62e+00|         5.62e-01|        |            |             |
|GRB 090904B|17 36 44.59|-25 12 46.5|     2.77e+00|         7.90e-01|        |            |             |
|GRB 090926B|03 05 13.94|-39 00 22.2|     3.19e+00|         3.21e-01|  1.2400|            |S            |
|GRB 090929B|07 50 52.84|-00 39 27.2|     3.23e+00|         1.97e-01|        |            |             |
|GRB 091018 |02 08 44.61|-57 32 53.8|     9.55e+00|         2.45e-01|  0.9710|      0.0003|S            |
|GRB 091020 |11 42 55.20|+50 58 42.0|     4.18e+00|         2.97e-01|  1.7100|            |S            |
|GRB 091127 |02 26 19.89|-18 57 08.6|     4.17e+01|         1.79e+00|  0.4903|      0.0002|S            |
|GRB 091208B|01 57 34.09|+16 53 22.8|     1.47e+01|         9.45e-01|  1.0633|      0.0003|S            |
|GRB 091221 |03 43 11.40|+23 14 28.3|     3.00e+00|         2.27e-01|        |            |             |
|GRB 100119A|19 57 13.92|-53 08 56.4|     7.67e+00|         9.86e-01|        |            |             |
|GRB 100423A|09 05 50.22|+21 29 54.3|     7.15e+00|         2.62e-01|        |            |             |
|GRB 100615A|11 48 49.34|-19 28 52.0|     5.37e+00|         2.00e-01|        |            |             |
|GRB 100619A|05 38 29.35|-27 00 20.0|     4.84e+00|         1.98e-01|        |            |             |
|GRB 100621A|21 01 13.08|-51 06 22.5|     1.25e+01|         4.13e-01|  0.5420|            |S            |
|GRB 100704A|08 54 33.96|-24 12 10.1|     4.20e+00|         2.26e-01|  3.6000|      1.2000|P            |
|GRB 100728A|05 55 02.01|-15 15 20.4|     5.07e+00|         1.97e-01|        |            |             |
|GRB 100728B|02 56 13.47|+00 16 52.2|     3.49e+00|         5.35e-01|  2.1060|            |S            |
|GRB 100816A|23 26 57.58|+26 34 42.7|     1.08e+01|         4.50e-01|  0.8035|            |S            |
|GRB 100906A|01 54 44.12|+55 37 49.3|     9.84e+00|         4.38e-01|  1.7270|            |S            |
|GRB 100924A|00 02 42.26|+07 00 02.8|     4.28e+00|         3.87e-01|        |            |             |
|GRB 101017A|19 25 32.56|-35 08 41.4|     9.31e+00|         4.13e-01|        |            |             |
|GRB 101023A|21 11 51.26|-65 23 15.7|     2.32e+01|         5.73e+01|        |            |             |
|GRB 101024A|04 26 01.76|-77 15 55.6|     5.43e+00|         9.39e+00|  2.0000|            |PL           |
|GRB 101117B|11 32 00.54|-72 39 45.9|     4.45e+00|         2.89e-01|  3.0000|            |PL           |
|GRB 101219A|04 58 20.49|-02 32 23.0|     3.94e+00|         2.07e-01|  0.7180|            |S            |
|GRB 110102A|16 23 31.41|+07 36 49.8|     8.45e+00|         3.05e-01|  2.5000|            |PL           |
|GRB 110205A|10 58 31.10|+67 31 30.9|     3.61e+00|         1.92e-01|  2.2200|            |S            |
|GRB 110318A|22 33 10.08|-15 16 40.8|     7.80e+00|         4.78e-01|        |            |             |
|GRB 110402A|13 09 36.64|+61 15 09.7|     4.11e+00|         6.65e-01|  1.0000|            |PL           |
|GRB 110420A|00 08 39.27|-37 53 11.9|     1.40e+01|         9.16e-01|  1.6000|            |PL           |
|GRB 110422A|07 28 11.06|+75 06 25.0|     2.87e+01|         1.01e+00|  1.7700|      0.0010|S            |
|GRB 110503A|08 51 06.21|+52 12 27.4|     2.97e+01|         1.39e+00|  1.6130|            |S            |
|GRB 110519A|17 26 33.12|-23 25 33.6|     4.46e+00|         3.16e-01|        |            |             |
|GRB 110610A|20 32 42.74|+74 49 30.0|     4.16e+00|         2.22e-01|        |            |             |
|GRB 110625A|19 06 55.60|+06 45 13.6|     4.86e+01|         2.45e+00|        |            |             |
|GRB 110709A|15 55 33.94|+40 55 27.1|     6.06e+00|         2.60e-01|        |            |             |
|GRB 110709B|10 58 37.11|-23 27 16.8|     8.21e+00|         3.27e-01|        |            |             |
|GRB 110715A|15 50 44.09|-46 14 06.5|     5.24e+01|         1.16e+00|  0.8200|            |S            |
|GRB 110731A|18 42 00.99|-28 32 13.8|     1.07e+01|         3.57e-01|  2.8300|            |S            |
|GRB 110915A|20 43 17.89|-00 43 23.4|     3.31e+00|         1.75e-01|        |            |             |
|GRB 111008A|04 01 48.24|-32 42 33.4|     6.42e+00|         7.31e-01|  4.9898|            |S            |
|GRB 111103A|21 48 26.64|-10 31 55.2|     3.12e+00|         3.19e-01|        |            |             |
|GRB 111103B|17 42 46.39|+01 36 36.2|     7.18e+00|         2.57e-01|        |            |             |
|GRB 111121A|10 19 02.69|-46 40 14.6|     7.14e+00|         3.37e-01|        |            |             |
|GRB 111228A|10 00 16.04|+18 17 52.2|     1.24e+01|         5.45e-01|  0.7163|      0.0000|S            |
|GRB 120102A|18 24 53.89|+24 42 47.1|     1.03e+01|         3.62e-01|        |            |             |
|GRB 120116A|01 04 57.84|+33 55 51.1|     4.08e+00|         2.53e-01|        |            |             |
|GRB 120119A|08 00 06.93|-09 04 53.7|     1.03e+01|         3.04e-01|  1.7280|            |S            |
|GRB 120218A|21 19 03.38|-25 27 45.4|     9.13e+00|         1.17e+00|        |            |             |
|GRB 120311A|18 12 22.17|+14 17 46.3|     2.86e+00|         2.13e-01|  3.0000|            |SL           |
|GRB 120324A|19 24 18.83|+24 07 47.0|     5.87e+00|         2.32e-01|        |            |             |
|GRB 120326A|18 15 37.13|+69 15 35.0|     4.44e+00|         2.35e-01|  1.7980|            |S            |
|GRB 120327A|16 27 27.48|-29 24 53.7|     3.90e+00|         2.07e-01|  2.8130|            |S            |
|GRB 120624B|11 23 32.31|+08 55 42.8|     5.35e+00|         2.57e-01|  0.3000|            |GL           |
|GRB 120703A|22 37 25.61|-29 43 23.7|     1.05e+01|         4.16e-01|        |            |             |
|GRB 120729A|00 52 17.83|+49 56 23.1|     2.81e+00|         1.94e-01|  0.8000|            |S            |
|GRB 120802A|02 59 22.22|+13 46 06.1|     3.03e+00|         2.21e-01|  3.7960|            |S            |
|GRB 120804A|15 35 47.49|-28 46 56.7|     1.08e+01|         5.51e-01|        |            |             |
|GRB 120811C|13 18 43.83|+62 18 02.6|     3.90e+00|         2.30e-01|  2.6710|            |S            |
|GRB 120907A|04 59 00.00|-09 18 54.0|     2.86e+00|         3.71e-01|  0.9700|            |S            |
|GRB 120911A|23 51 55.05|+63 05 55.6|     2.60e+00|         3.38e-01|        |            |             |
|GRB 120913B|14 14 38.46|-14 30 57.2|     3.17e+00|         2.40e-01|        |            |             |
|GRB 120918A|12 04 10.08|-32 45 43.2|     4.50e+00|         4.88e-01|        |            |             |
|GRB 121125A|15 14 06.58|+55 18 48.0|     2.86e+00|         1.97e-01|        |            |             |
|GRB 121128A|20 02 24.00|+54 17 59.1|     1.25e+01|         4.01e-01|  2.2000|            |S            |
|GRB 121209A|21 47 08.93|-08 14 07.1|     3.45e+00|         2.56e-01|  1.7000|            |SL           |