   4.0000000000000000        281.96199999999999     
   4.2500000000000000        285.50940000000003     
   4.5000000000000000        290.72620000000001     
   4.7500000000000000        292.43799999999999     
   5.0000000000000000        291.20699999999999     
   5.2500000000000000        287.65719999999999     
   5.5000000000000000        282.38660000000004     
   5.7500000000000000        275.93819999999999     
   6.0000000000000000        268.83079999999995     
   6.2500000000000000        261.63360000000000     
   6.5000000000000000        255.02900000000000     
   6.7500000000000000        249.77440000000001     
   7.0000000000000000        246.46339999999998     
   7.2500000000000000        245.10180000000000     
   7.5000000000000000        244.74760000000001     
   7.7500000000000000        243.59860000000000     
   8.0000000000000000        239.70440000000002     
   8.2500000000000000        231.95620000000002     
   8.5000000000000000        220.66620000000000     
   8.7500000000000000        207.31399999999999     
   9.0000000000000000        193.70139999999998     
   9.2500000000000000        181.16579999999999     
   9.5000000000000000        170.29800000000000     
   9.7500000000000000        161.11399999999998     
   10.000000000000000        153.35860000000000     
   10.250000000000000        146.70600000000002     
   10.500000000000000        140.82880000000000     
   10.750000000000000        135.41840000000002     
   11.000000000000000        130.22040000000001     
   11.250000000000000        125.08600000000000     
   11.500000000000000        120.00420000000000     
   11.750000000000000        115.07939999999999     
   12.000000000000000        110.45520000000000     
   12.250000000000000        106.22640000000001     
   12.500000000000000        102.38960000000000     
   12.750000000000000        98.857200000000006     
   13.000000000000000        95.515400000000000     
   13.250000000000000        92.284400000000005     
   13.500000000000000        89.149799999999999     
   13.750000000000000        86.152199999999993     
   14.000000000000000        83.349800000000002     
   14.250000000000000        80.781000000000006     
   14.500000000000000        78.443399999999997     
   14.750000000000000        76.296999999999997     
   15.000000000000000        74.285599999999988     
   15.250000000000000        72.359000000000009     
   15.500000000000000        70.486000000000004     
   15.750000000000000        68.655200000000008     
   16.000000000000000        66.867600000000010     
   16.250000000000000        65.128199999999993     
   16.500000000000000        63.442200000000000     
   16.750000000000000        61.814000000000000     
   17.000000000000000        60.247000000000000     
   17.250000000000000        58.743600000000001     
   17.500000000000000        57.304400000000001     
   17.750000000000000        55.926400000000001     
   18.000000000000000        54.603200000000001     
   18.250000000000000        53.327399999999997     
   18.500000000000000        52.091200000000001     
   18.750000000000000        50.888599999999997     
   19.000000000000000        49.716400000000000     
   19.250000000000000        48.572800000000001     
   19.500000000000000        47.456600000000002     
   19.750000000000000        46.367199999999997     
   20.000000000000000        45.305800000000005     
   20.250000000000000        44.280000000000001     
   20.500000000000000        43.307000000000002     
   20.750000000000000        42.411799999999999     
   21.000000000000000        41.624400000000001     
   21.250000000000000        40.972999999999999     
   21.500000000000000        40.478399999999993     
   21.750000000000000        40.152000000000001     
   22.000000000000000        39.987060000000000     
   22.250000000000000        39.936300000000003     
   22.500000000000000        39.885719999999999     
   22.750000000000000        39.657880000000006     
   23.000000000000000        39.073300000000003     
   23.250000000000000        38.048119999999997     
   23.500000000000000        36.656319999999994     
   23.750000000000000        35.100059999999999     
   24.000000000000000        33.606200000000001     
   24.250000000000000        32.326120000000003     
   24.500000000000000        31.301659999999998     
   24.750000000000000        30.497299999999999     
   25.000000000000000        29.852699999999999     
   25.250000000000000        29.312700000000000     
   25.500000000000000        28.826300000000000     
   25.750000000000000        28.335900000000002     
   26.000000000000000        27.781520000000000     
   26.250000000000000        27.123000000000001     
   26.500000000000000        26.358719999999998     
   26.750000000000000        25.519639999999999     
   27.000000000000000        24.643120000000000     
   27.250000000000000        23.753439999999998     
   27.500000000000000        22.866599999999998     
   27.750000000000000        22.007719999999999     
   28.000000000000000        21.216439999999999     
   28.250000000000000        20.531759999999998     
   28.500000000000000        19.971620000000001     
   28.750000000000000        19.525980000000001     
   29.000000000000000        19.166780000000003     
   29.250000000000000        18.864080000000001     
   29.500000000000000        18.596779999999999     
   29.750000000000000        18.353839999999998     
   30.000000000000000        18.128680000000003     
   30.250000000000000        17.911340000000003     
   30.500000000000000        17.683120000000002     
   30.750000000000000        17.417860000000001     
   31.000000000000000        17.090240000000001     
   31.250000000000000        16.687220000000003     
   31.500000000000000        16.216260000000002     
   31.750000000000000        15.705080000000001     
   32.000000000000000        15.192900000000002     
   32.250000000000000        14.717400000000001     
   32.500000000000000        14.303580000000000     
   32.750000000000000        13.959600000000000     
   33.000000000000000        13.680340000000001     
   33.250000000000000        13.454460000000001     
   33.500000000000000        13.269520000000000     
   33.750000000000000        13.113160000000001     
   34.000000000000000        12.972439999999999     
   34.250000000000000        12.834460000000000     
   34.500000000000000        12.689160000000001     
   34.750000000000000        12.532380000000000     
   35.000000000000000        12.366160000000001     
   35.250000000000000        12.195900000000000     
   35.500000000000000        12.026800000000000     
   35.750000000000000        11.862079999999999     
   36.000000000000000        11.703540000000000     
   36.250000000000000        11.553039999999999     
   36.500000000000000        11.413060000000000     
   36.750000000000000        11.285679999999999     
   37.000000000000000        11.170780000000001     
   37.250000000000000        11.065040000000000     
   37.500000000000000        10.962640000000000     
   37.750000000000000        10.857520000000001     
   38.000000000000000        10.745780000000000     
   38.250000000000000        10.626720000000001     
   38.500000000000000        10.502240000000000     
   38.750000000000000        10.375380000000000     
   39.000000000000000        10.249220000000001     
   39.250000000000000        10.126519999999999     
   39.500000000000000        10.009740000000001     
   39.750000000000000        9.9008400000000005     
   40.000000000000000        9.8007799999999996     
   40.250000000000000        9.7094799999999992     
   40.500000000000000        9.6263600000000000     
   40.750000000000000        9.5507999999999988     
   41.000000000000000        9.4818199999999990     
   41.250000000000000        9.4173200000000001     
   41.500000000000000        9.3536000000000001     
   41.750000000000000        9.2860200000000006     
   42.000000000000000        9.2109999999999985     
   42.250000000000000        9.1278800000000011     
   42.500000000000000        9.0394600000000001     
   42.750000000000000        8.9507800000000000     
   43.000000000000000        8.8670399999999994     
   43.250000000000000        8.7916799999999995     
   43.500000000000000        8.7250200000000007     
   43.750000000000000        8.6639400000000002     
   44.000000000000000        8.6033399999999993     
   44.250000000000000        8.5392000000000010     
   44.500000000000000        8.4713199999999986     
   44.750000000000000        8.4038000000000004     
   45.000000000000000        8.3423999999999996     
   45.250000000000000        8.2900600000000004     
   45.500000000000000        8.2441199999999988     
   45.750000000000000        8.1978000000000009     
   46.000000000000000        8.1450199999999988     
   46.250000000000000        8.0849599999999988     
   46.500000000000000        8.0228000000000002     
   46.750000000000000        7.9659200000000006     
   47.000000000000000        7.9187200000000004     
   47.250000000000000        7.8797600000000001     
   47.500000000000000        7.8428599999999999     
   47.750000000000000        7.8012199999999998     
   48.000000000000000        7.7514799999999999     
   48.250000000000000        7.6953199999999997     
   48.500000000000000        7.6377600000000001     
   48.750000000000000        7.5835600000000003     
   49.000000000000000        7.5343999999999998     
   49.250000000000000        7.4884800000000000     
   49.500000000000000        7.4423399999999997     
   49.750000000000000        7.3930199999999999     
   50.000000000000000        7.3394200000000005     
   50.250000000000000        7.2829999999999995     
   50.500000000000000        7.2277800000000001     
   50.750000000000000        7.1796800000000003     
   51.000000000000000        7.1450600000000000     
   51.250000000000000        7.1281200000000000     
   51.500000000000000        7.1276200000000003     
   51.750000000000000        7.1351599999999999     
   52.000000000000000        7.1373400000000000     
   52.250000000000000        7.1216799999999996     
   52.500000000000000        7.0829800000000001     
   52.750000000000000        7.0251799999999998     
   53.000000000000000        6.9574999999999996     
   53.250000000000000        6.8886400000000005     
   53.500000000000000        6.8235200000000003     
   53.750000000000000        6.7639600000000000     
   54.000000000000000        6.7111800000000006     
   54.250000000000000        6.6677599999999995     
   54.500000000000000        6.6383200000000002     
   54.750000000000000        6.6295400000000004     
   55.000000000000000        6.6495999999999995     
   55.250000000000000        6.7056000000000004     
   55.500000000000000        6.7985000000000007     
   55.750000000000000        6.9180799999999998     
   56.000000000000000        7.0438799999999997     
   56.250000000000000        7.1553000000000004     
   56.500000000000000        7.2443799999999996     
   56.750000000000000        7.3180399999999999     
   57.000000000000000        7.3834400000000002     
   57.250000000000000        7.4286799999999999     
   57.500000000000000        7.4207000000000001     
   57.750000000000000        7.3276000000000003     
   58.000000000000000        7.1468200000000000     
   58.250000000000000        6.9127799999999997     
   58.500000000000000        6.6775199999999995     
   58.750000000000000        6.4823399999999998     
   59.000000000000000        6.3423400000000001     
   59.250000000000000        6.2500000000000000     
   59.500000000000000        6.1886399999999995     
   59.750000000000000        6.1436399999999995     
   60.000000000000000        6.1067000000000000     
   60.250000000000000        6.0751400000000002     
   60.500000000000000        6.0493800000000002     
   60.750000000000000        6.0307599999999999     
   61.000000000000000        6.0199800000000003     
   61.250000000000000        6.0160400000000003     
   61.500000000000000        6.0157800000000003     
   61.750000000000000        6.0144400000000005     
   62.000000000000000        6.0071999999999992     
   62.250000000000000        5.9910599999999992     
   62.500000000000000        5.9659800000000001     
   62.750000000000000        5.9343800000000000     
   63.000000000000000        5.8996000000000004     
   63.250000000000000        5.8650800000000007     
   63.500000000000000        5.8351400000000000     
   63.750000000000000        5.8167600000000004     
   64.000000000000000        5.8197799999999997     
   64.250000000000000        5.8531800000000000     
   64.500000000000000        5.9178600000000001     
   64.750000000000000        6.0003200000000003     
   65.000000000000000        6.0739200000000002     
   65.250000000000000        6.1105200000000002     
   65.500000000000000        6.0972000000000000     
   65.750000000000000        6.0463199999999997     
   66.000000000000000        5.9897000000000000     
   66.250000000000000        5.9590399999999999     
   66.500000000000000        5.9647600000000001     
   66.750000000000000        5.9877599999999997     
   67.000000000000000        5.9908999999999999     
   67.250000000000000        5.9436200000000001     
   67.500000000000000        5.8439399999999999     
   67.750000000000000        5.7226200000000000     
   68.000000000000000        5.6263400000000008     
   68.250000000000000        5.5902799999999999     
   68.500000000000000        5.6163600000000002     
   68.750000000000000        5.6703200000000002     
   69.000000000000000        5.6999200000000005     
   69.250000000000000        5.6640800000000002     
   69.500000000000000        5.5547399999999998     
   69.750000000000000        5.3972199999999999     
   70.000000000000000        5.2313799999999997     
   70.250000000000000        5.0893600000000001     
   70.500000000000000        4.9847199999999994     
   70.750000000000000        4.9158999999999997     
   71.000000000000000        4.8769999999999998     
   71.250000000000000        4.8682200000000000     
   71.500000000000000        4.9024800000000006     
   71.750000000000000        5.0058199999999999     
   72.000000000000000        5.2071399999999999     
   72.250000000000000        5.5152000000000001     
   72.500000000000000        5.8918800000000005     
   72.750000000000000        6.2445800000000000     
   73.000000000000000        6.4582800000000002     
   73.250000000000000        6.4593600000000002     
   73.500000000000000        6.2715200000000006     
   73.750000000000000        6.0215200000000006     
   74.000000000000000        5.8853000000000000     
   74.250000000000000        6.0028199999999998     
   74.500000000000000        6.4031400000000005     
   74.750000000000000        6.9739000000000004     
   75.000000000000000        7.4954999999999998     
   75.250000000000000        7.7367799999999995     
   75.500000000000000        7.5692000000000004     
   75.750000000000000        7.0298800000000004     
   76.000000000000000        6.2906200000000005     
   76.250000000000000        5.5583400000000003     
   76.500000000000000        4.9794000000000000     
   76.750000000000000        4.6031399999999998     
   77.000000000000000        4.4041199999999998     
   77.250000000000000        4.3252799999999993     
   77.500000000000000        4.3091799999999996     
   77.750000000000000        4.3105000000000002     
   78.000000000000000        4.2991200000000003     
   78.250000000000000        4.2618000000000000     
   78.500000000000000        4.2020400000000002     
   78.750000000000000        4.1345799999999997     
   79.000000000000000        4.0758200000000002     
   79.250000000000000        4.0354200000000002     
   79.500000000000000        4.0134200000000000     
   79.750000000000000        4.0024099999999994     
   80.000000000000000        3.9919060000000002     
   80.250000000000000        3.9724439999999999     
   80.500000000000000        3.9384340000000000     
   80.750000000000000        3.8897940000000002     
   81.000000000000000        3.8316520000000001     
   81.250000000000000        3.7719659999999999     
   81.500000000000000        3.7180580000000001     
   81.750000000000000        3.6738680000000001     
   82.000000000000000        3.6393580000000001     
   82.250000000000000        3.6121900000000000     
   82.500000000000000        3.5906039999999999     
   82.750000000000000        3.5762980000000000     
   83.000000000000000        3.5766439999999999     
   83.250000000000000        3.6057959999999998     
   83.500000000000000        3.6833320000000001     
   83.750000000000000        3.8279980000000000     
   84.000000000000000        4.0455160000000001     
   84.250000000000000        4.3146400000000007     
   84.500000000000000        4.5814199999999996     
   84.750000000000000        4.7713999999999999     
   85.000000000000000        4.8195600000000001     
   85.250000000000000        4.7026000000000003     
   85.500000000000000        4.4525600000000001     
   85.750000000000000        4.1419440000000005     
   86.000000000000000        3.8503480000000003     
   86.250000000000000        3.6346400000000001     
   86.500000000000000        3.5171600000000001     
   86.750000000000000        3.4897600000000000     
   87.000000000000000        3.5231180000000002     
   87.250000000000000        3.5752699999999997     
   87.500000000000000        3.6014400000000002     
   87.750000000000000        3.5675699999999999     
   88.000000000000000        3.4629859999999999     
   88.250000000000000        3.3036200000000000     
   88.500000000000000        3.1223879999999999     
   88.750000000000000        2.9527859999999997     
   89.000000000000000        2.8159220000000000     
   89.250000000000000        2.7169319999999999     
   89.500000000000000        2.6494200000000001     
   89.750000000000000        2.6025559999999999     
   90.000000000000000        2.5664759999999998     
   90.250000000000000        2.5346979999999997     
   90.500000000000000        2.5043379999999997     
   90.750000000000000        2.4752960000000002     
   91.000000000000000        2.4490919999999998     
   91.250000000000000        2.4276099999999996     
   91.500000000000000        2.4119739999999998     
   91.750000000000000        2.4017919999999999     
   92.000000000000000        2.3950100000000001     
   92.250000000000000        2.3884860000000003     
   92.500000000000000        2.3790839999999998     
   92.750000000000000        2.3647799999999997     
   93.000000000000000        2.3451700000000000     
   93.250000000000000        2.3212220000000001     
   93.500000000000000        2.2946759999999999     
   93.750000000000000        2.2676340000000001     
   94.000000000000000        2.2424320000000000     
   94.250000000000000        2.2212600000000000     
   94.500000000000000        2.2052440000000000     
   94.750000000000000        2.1935760000000002     
   95.000000000000000        2.1836700000000002     
   95.250000000000000        2.1726219999999996     
   95.500000000000000        2.1590239999999996     
   95.750000000000000        2.1437739999999996     
   96.000000000000000        2.1292679999999997     
   96.250000000000000        2.1176320000000000     
   96.500000000000000        2.1092519999999997     
   96.750000000000000        2.1025019999999999     
   97.000000000000000        2.0947499999999999     
   97.250000000000000        2.0839379999999998     
   97.500000000000000        2.0697100000000002     
   97.750000000000000        2.0534340000000002     
   98.000000000000000        2.0372640000000000     
   98.250000000000000        2.0229420000000000     
   98.500000000000000        2.0110980000000001     
   98.750000000000000        2.0012620000000001     
   99.000000000000000        1.9922439999999999     
   99.250000000000000        1.9824980000000001     
   99.500000000000000        1.9703840000000001     
   99.750000000000000        1.9545859999999999     
   100.00000000000000        1.9347020000000001     
   100.25000000000000        1.9115760000000002     
   100.50000000000000        1.8870260000000001     
   100.75000000000000        1.8631120000000001     
   101.00000000000000        1.8414480000000002     
   101.25000000000000        1.8229600000000001     
   101.50000000000000        1.8079719999999999     
   101.75000000000000        1.7963060000000000     
   102.00000000000000        1.7873079999999999     
   102.25000000000000        1.7798920000000000     
   102.50000000000000        1.7726980000000001     
   102.75000000000000        1.7643720000000001     
   103.00000000000000        1.7539140000000000     
   103.25000000000000        1.7410280000000000     
   103.50000000000000        1.7263200000000001     
   103.75000000000000        1.7111100000000001     
   104.00000000000000        1.6968500000000000     
   104.25000000000000        1.6844420000000000     
   104.50000000000000        1.6739540000000002     
   104.75000000000000        1.6648879999999999     
   105.00000000000000        1.6566019999999999     
   105.25000000000000        1.6485040000000000     
   105.50000000000000        1.6400139999999999     
   105.75000000000000        1.6305840000000000     
   106.00000000000000        1.6198600000000001     
   106.25000000000000        1.6078199999999998     
   106.50000000000000        1.5947580000000001     
   106.75000000000000        1.5811500000000001     
   107.00000000000000        1.5675059999999998     
   107.25000000000000        1.5542560000000001     
   107.50000000000000        1.5417000000000001     
   107.75000000000000        1.5300020000000001     
   108.00000000000000        1.5191919999999999     
   108.25000000000000        1.5091260000000000     
   108.50000000000000        1.4994640000000001     
   108.75000000000000        1.4898140000000000     
   109.00000000000000        1.4799739999999999     
   109.25000000000000        1.4699880000000001     
   109.50000000000000        1.4599480000000000     
   109.75000000000000        1.4497659999999999     
   110.00000000000000        1.4391900000000000     
   110.25000000000000        1.4280599999999999     
   110.50000000000000        1.4164800000000000     
   110.75000000000000        1.4047179999999999     
   111.00000000000000        1.3929640000000001     
   111.25000000000000        1.3811960000000001     
   111.50000000000000        1.3692660000000001     
   111.75000000000000        1.3570820000000001     
   112.00000000000000        1.3447240000000000     
   112.25000000000000        1.3324560000000001     
   112.50000000000000        1.3207040000000001     
   112.75000000000000        1.3100100000000001     
   113.00000000000000        1.3009140000000001     
   113.25000000000000        1.2937639999999999     
   113.50000000000000        1.2884419999999999     
   113.75000000000000        1.2841399999999998     
   114.00000000000000        1.2794019999999999     
   114.25000000000000        1.2726020000000000     
   114.50000000000000        1.2627580000000000     
   114.75000000000000        1.2501959999999999     
   115.00000000000000        1.2365640000000000     
   115.25000000000000        1.2240500000000001     
   115.50000000000000        1.2142480000000000     
   115.75000000000000        1.2073920000000000     
   116.00000000000000        1.2024360000000001     
   116.25000000000000        1.1978420000000001     
   116.50000000000000        1.1925020000000000     
   116.75000000000000        1.1862180000000000     
   117.00000000000000        1.1795540000000000     
   117.25000000000000        1.1733160000000000     
   117.50000000000000        1.1680000000000001     
   117.75000000000000        1.1634300000000000     
   118.00000000000000        1.1587640000000001     
   118.25000000000000        1.1529220000000000     
   118.50000000000000        1.1452240000000000     
   118.75000000000000        1.1358320000000002     
   119.00000000000000        1.1256539999999999     
   119.25000000000000        1.1158500000000000     
   119.50000000000000        1.1073180000000000     
   119.75000000000000        1.1004480000000001     
   120.00000000000000        1.0951320000000000     
   120.25000000000000        1.0908099999999998     
   120.50000000000000        1.0865420000000001     
   120.75000000000000        1.0812340000000000     
   121.00000000000000        1.0740660000000000     
   121.25000000000000        1.0648879999999998     
   121.50000000000000        1.0542600000000000     
   121.75000000000000        1.0430880000000000     
   122.00000000000000        1.0321720000000001     
   122.25000000000000        1.0220520000000000     
   122.50000000000000        1.0131680000000001     
   122.75000000000000        1.0059640000000001     
   123.00000000000000        1.0007180000000000     
   123.25000000000000       0.99727600000000005     
   123.50000000000000       0.99498200000000003     
   123.75000000000000       0.99288799999999999     
   124.00000000000000       0.99004800000000004     
   124.25000000000000       0.98574399999999995     
   124.50000000000000       0.97964399999999996     
   124.75000000000000       0.97189799999999993     
   125.00000000000000       0.96307600000000004     
   125.25000000000000       0.95393400000000006     
   125.50000000000000       0.94511999999999996     
   125.75000000000000       0.93698000000000004     
   126.00000000000000       0.92954400000000004     
   126.25000000000000       0.92263000000000006     
   126.50000000000000       0.91599999999999993     
   126.75000000000000       0.90951599999999999     
   127.00000000000000       0.90326600000000001     
   127.25000000000000       0.89761599999999997     
   127.50000000000000       0.89308399999999999     
   127.75000000000000       0.89004600000000000     
   128.00000000000000       0.88841000000000003     
   128.25000000000000       0.88749800000000001     
   128.50000000000000       0.88629999999999998     
   128.75000000000000       0.88389999999999991     
   129.00000000000000       0.87978999999999996     
   129.25000000000000       0.87390400000000001     
   129.50000000000000       0.86651600000000006     
   129.75000000000000       0.85820800000000008     
   130.00000000000000       0.84985200000000005     
   130.25000000000000       0.84244999999999992     
   130.50000000000000       0.83675999999999995     
   130.75000000000000       0.83291200000000010     
   131.00000000000000       0.83027800000000007     
   131.25000000000000       0.82775599999999994     
   131.50000000000000       0.82431600000000005     
   131.75000000000000       0.81945599999999996     
   132.00000000000000       0.81336000000000008     
   132.25000000000000       0.80674200000000007     
   132.50000000000000       0.80047599999999997     
   132.75000000000000       0.79515599999999997     
   133.00000000000000       0.79076999999999997     
   133.25000000000000       0.78667200000000004     
   133.50000000000000       0.78191400000000000     
   133.75000000000000       0.77571800000000002     
   134.00000000000000       0.76778999999999997     
   134.25000000000000       0.75834399999999991     
   134.50000000000000       0.74795199999999995     
   134.75000000000000       0.73737200000000003     
   135.00000000000000       0.72739200000000004     
   135.25000000000000       0.71870000000000001     
   135.50000000000000       0.71177800000000002     
   135.75000000000000       0.70682200000000006     
   136.00000000000000       0.70375399999999999     
   136.25000000000000       0.70230999999999999     
   136.50000000000000       0.70214399999999999     
   136.75000000000000       0.70285399999999998     
   137.00000000000000       0.70389199999999996     
   137.25000000000000       0.70446600000000004     
   137.50000000000000       0.70359799999999995     
   137.75000000000000       0.70043400000000000     
   138.00000000000000       0.69467999999999996     
   138.25000000000000       0.68689200000000006     
   138.50000000000000       0.67832800000000004     
   138.75000000000000       0.67035000000000000     
   139.00000000000000       0.66374400000000000     
   139.25000000000000       0.65843999999999991     
   139.50000000000000       0.65382600000000002     
   139.75000000000000       0.64935199999999993     
   140.00000000000000       0.64491999999999994     
   140.25000000000000       0.64083400000000001     
   140.50000000000000       0.63749400000000001     
   140.75000000000000       0.63514999999999999     
   141.00000000000000       0.63381599999999993     
   141.25000000000000       0.63329199999999997     
   141.50000000000000       0.63321200000000000     
   141.75000000000000       0.63313799999999998     
   142.00000000000000       0.63267800000000007     
   142.25000000000000       0.63152799999999998     
   142.50000000000000       0.62940399999999996     
   142.75000000000000       0.62594200000000000     
   143.00000000000000       0.62076600000000004     
   143.25000000000000       0.61374200000000001     
   143.50000000000000       0.60523400000000005     
   143.75000000000000       0.59613600000000000     
   144.00000000000000       0.58759200000000000     
   144.25000000000000       0.58056799999999997     
   144.50000000000000       0.57546000000000008     
   144.75000000000000       0.57194000000000000     
   145.00000000000000       0.56917200000000001     
   145.25000000000000       0.56633200000000006     
   145.50000000000000       0.56313400000000002     
   145.75000000000000       0.55998999999999999     
   146.00000000000000       0.55770600000000004     
   146.25000000000000       0.55689999999999995     
   146.50000000000000       0.55753199999999992     
   146.75000000000000       0.55882999999999994     
   147.00000000000000       0.55965200000000004     
   147.25000000000000       0.55907799999999996     
   147.50000000000000       0.55685199999999990     
   147.75000000000000       0.55343199999999992     
   148.00000000000000       0.54966199999999998     
   148.25000000000000       0.54633799999999999     
   148.50000000000000       0.54394600000000004     
   148.75000000000000       0.54258999999999991     
   149.00000000000000       0.54205599999999998     
   149.25000000000000       0.54191400000000001     
   149.50000000000000       0.54161799999999993     
   149.75000000000000       0.54064000000000001     
   150.00000000000000       0.53860399999999997     
   150.25000000000000       0.53537400000000002     
   150.50000000000000       0.53107600000000010     
   150.75000000000000       0.52605400000000002     
   151.00000000000000       0.52077400000000007     
   151.25000000000000       0.51571600000000006     
   151.50000000000000       0.51120600000000005     
   151.75000000000000       0.50724400000000003     
   152.00000000000000       0.50351000000000001     
   152.25000000000000       0.49962600000000001     
   152.50000000000000       0.49551000000000001     
   152.75000000000000       0.49150800000000000     
   153.00000000000000       0.48819000000000001     
   153.25000000000000       0.48598399999999997     
   153.50000000000000       0.48494000000000004     
   153.75000000000000       0.48474400000000001     
   154.00000000000000       0.48489599999999999     
   154.25000000000000       0.48490599999999995     
   154.50000000000000       0.48441400000000001     
   154.75000000000000       0.48323600000000000     
   155.00000000000000       0.48135600000000001     
   155.25000000000000       0.47887000000000002     
   155.50000000000000       0.47591800000000001     
   155.75000000000000       0.47262799999999999     
   156.00000000000000       0.46909200000000001     
   156.25000000000000       0.46536400000000000     
   156.50000000000000       0.46147400000000000     
   156.75000000000000       0.45748400000000000     
   157.00000000000000       0.45357800000000004     
   157.25000000000000       0.45010000000000000     
   157.50000000000000       0.44742599999999999     
   157.75000000000000       0.44570200000000004     
   158.00000000000000       0.44463799999999998     
   158.25000000000000       0.44357999999999997     
   158.50000000000000       0.44181199999999998     
   158.75000000000000       0.43888199999999999     
   159.00000000000000       0.43471399999999999     
   159.25000000000000       0.42948799999999998     
   159.50000000000000       0.42346800000000001     
   159.75000000000000       0.41693000000000002     
   160.00000000000000       0.41018800000000000     
   160.25000000000000       0.40360600000000002     
   160.50000000000000       0.39761979999999997     
   160.75000000000000       0.39276540000000004     
   161.00000000000000       0.38962980000000003     
   161.25000000000000       0.38862239999999998     
   161.50000000000000       0.38964500000000002     
   161.75000000000000       0.39196239999999999     
   162.00000000000000       0.39450299999999999     
   162.25000000000000       0.39641360000000003     
   162.50000000000000       0.39739920000000001     
   162.75000000000000       0.39757840000000000     
   163.00000000000000       0.39707519999999996     
   163.25000000000000       0.39580700000000002     
   163.50000000000000       0.39366400000000001     
   163.75000000000000       0.39081659999999996     
   164.00000000000000       0.38775939999999998     
   164.25000000000000       0.38499580000000000     
   164.50000000000000       0.38264160000000003     
   164.75000000000000       0.38030560000000002     
   165.00000000000000       0.37735280000000004     
   165.25000000000000       0.37336360000000002     
   165.50000000000000       0.36848999999999998     
   165.75000000000000       0.36349520000000002     
   166.00000000000000       0.35945359999999998     
   166.25000000000000       0.35726479999999999     
   166.50000000000000       0.35722759999999998     
   166.75000000000000       0.35888480000000000     
   167.00000000000000       0.36120200000000002     
   167.25000000000000       0.36297679999999999     
   167.50000000000000       0.36328459999999996     
   167.75000000000000       0.36178100000000002     
   168.00000000000000       0.35877060000000000     
   168.25000000000000       0.35504140000000001     
   168.50000000000000       0.35154240000000003     
   168.75000000000000       0.34905480000000000     
   169.00000000000000       0.34801559999999998     
   169.25000000000000       0.34852620000000001     
   169.50000000000000       0.35039339999999997     
   169.75000000000000       0.35305419999999998     
   170.00000000000000       0.35548520000000000     
   170.25000000000000       0.35638780000000003     
   170.50000000000000       0.35474839999999996     
   170.75000000000000       0.35044900000000001     
   171.00000000000000       0.34442479999999998     
   171.25000000000000       0.33817219999999998     
   171.50000000000000       0.33294279999999998     
   171.75000000000000       0.32919779999999998     
   172.00000000000000       0.32664340000000003     
   172.25000000000000       0.32469840000000000     
   172.50000000000000       0.32297060000000000     
   172.75000000000000       0.32142799999999999     
   173.00000000000000       0.32026379999999999     
   173.25000000000000       0.31966620000000001     
   173.50000000000000       0.31968180000000002     
   173.75000000000000       0.32020340000000003     
   174.00000000000000       0.32100059999999997     
   174.25000000000000       0.32172580000000001     
   174.50000000000000       0.32192280000000001     
   174.75000000000000       0.32111299999999998     
   175.00000000000000       0.31897240000000004     
   175.25000000000000       0.31551000000000001     
   175.50000000000000       0.31111440000000001     
   175.75000000000000       0.30641379999999996     
   176.00000000000000       0.30202680000000004     
   176.25000000000000       0.29834579999999999     
   176.50000000000000       0.29545399999999999     
   176.75000000000000       0.29319780000000001     
   177.00000000000000       0.29136200000000001     
   177.25000000000000       0.28984280000000001     
   177.50000000000000       0.28871659999999999     
   177.75000000000000       0.28816680000000000     
   178.00000000000000       0.28833480000000000     
   178.25000000000000       0.28920179999999995     
   178.50000000000000       0.29055280000000000     
   178.75000000000000       0.29199880000000000     
   179.00000000000000       0.29302339999999999     
   179.25000000000000       0.29307660000000002     
   179.50000000000000       0.29176619999999998     
   179.75000000000000       0.28910140000000001     
   180.00000000000000       0.28559740000000000     
   180.25000000000000       0.28206680000000001     
   180.50000000000000       0.27916620000000003     
   180.75000000000000       0.27703179999999999     
   181.00000000000000       0.27530939999999998     
   181.25000000000000       0.27355419999999997     
   181.50000000000000       0.27166000000000001     
   181.75000000000000       0.26996860000000000     
   182.00000000000000       0.26899139999999999     
   182.25000000000000       0.26897879999999996     
   182.50000000000000       0.26967720000000001     
   182.75000000000000       0.27045880000000000     
   183.00000000000000       0.27072120000000000     
   183.25000000000000       0.27025040000000000     
   183.50000000000000       0.26927400000000001     
   183.75000000000000       0.26817980000000002     
   184.00000000000000       0.26715540000000004     
   184.25000000000000       0.26606620000000003     
   184.50000000000000       0.26467340000000000     
   184.75000000000000       0.26297900000000002     
   185.00000000000000       0.26136159999999997     
   185.25000000000000       0.26036899999999996     
   185.50000000000000       0.26035259999999999     
   185.75000000000000       0.26126179999999999     
   186.00000000000000       0.26273099999999999     
   186.25000000000000       0.26430060000000000     
   186.50000000000000       0.26553380000000004     
   186.75000000000000       0.26596860000000000     
   187.00000000000000       0.26507519999999996     
   187.25000000000000       0.26239420000000002     
   187.50000000000000       0.25781080000000001     
   187.75000000000000       0.25173980000000001     
   188.00000000000000       0.24503999999999998     
   188.25000000000000       0.23870400000000000     
   188.50000000000000       0.23353360000000001     
   188.75000000000000       0.22996380000000000     
   189.00000000000000       0.22805340000000002     
   189.25000000000000       0.22756700000000002     
   189.50000000000000       0.22808180000000000     
   189.75000000000000       0.22910000000000000     
   190.00000000000000       0.23015720000000001     
   190.25000000000000       0.23089920000000000     
   190.50000000000000       0.23110619999999998     
   190.75000000000000       0.23066920000000002     
   191.00000000000000       0.22955059999999999     
   191.25000000000000       0.22776079999999999     
   191.50000000000000       0.22535699999999997     
   191.75000000000000       0.22246640000000001     
   192.00000000000000       0.21932580000000002     
   192.25000000000000       0.21630260000000001     
   192.50000000000000       0.21384999999999998     
   192.75000000000000       0.21238499999999999     
   193.00000000000000       0.21214300000000000     
   193.25000000000000       0.21308640000000001     
   193.50000000000000       0.21490419999999999     
   193.75000000000000       0.21709319999999999     
   194.00000000000000       0.21908159999999999     
   194.25000000000000       0.22034640000000000     
   194.50000000000000       0.22050400000000001     
   194.75000000000000       0.21939680000000000     
   195.00000000000000       0.21719260000000001     
   195.25000000000000       0.21442100000000000     
   195.50000000000000       0.21180700000000002     
   195.75000000000000       0.20988840000000000     
   196.00000000000000       0.20865460000000000     
   196.25000000000000       0.20752920000000000     
   196.50000000000000       0.20577040000000002     
   196.75000000000000       0.20299539999999999     
   197.00000000000000       0.19941900000000001     
   197.25000000000000       0.19565680000000002     
   197.50000000000000       0.19231840000000000     
   197.75000000000000       0.18974520000000000     
   198.00000000000000       0.18804060000000000     
   198.25000000000000       0.18723699999999999     
   198.50000000000000       0.18735360000000001     
   198.75000000000000       0.18827280000000002     
   199.00000000000000       0.18959720000000002     
   199.25000000000000       0.19070200000000001     
   199.50000000000000       0.19101000000000001     
   199.75000000000000       0.19029479999999999     
   200.00000000000000       0.18878700000000001     
   200.25000000000000       0.18701780000000001     
   200.50000000000000       0.18551920000000000     
   200.75000000000000       0.18455420000000000     
   201.00000000000000       0.18400279999999999     
   201.25000000000000       0.18346659999999998     
   201.50000000000000       0.18255480000000002     
   201.75000000000000       0.18118940000000000     
   202.00000000000000       0.17970280000000000     
   202.25000000000000       0.17860959999999998     
   202.50000000000000       0.17819879999999999     
   202.75000000000000       0.17827040000000000     
   203.00000000000000       0.17823660000000000     
   203.25000000000000       0.17750479999999999     
   203.50000000000000       0.17584020000000000     
   203.75000000000000       0.17345600000000000     
   204.00000000000000       0.17083080000000000     
   204.25000000000000       0.16845939999999998     
   204.50000000000000       0.16672640000000000     
   204.75000000000000       0.16591660000000000     
   205.00000000000000       0.16623199999999999     
   205.25000000000000       0.16771140000000001     
   205.50000000000000       0.17009980000000000     
   205.75000000000000       0.17281560000000001     
   206.00000000000000       0.17511060000000001     
   206.25000000000000       0.17636459999999998     
   206.50000000000000       0.17633520000000000     
   206.75000000000000       0.17519200000000001     
   207.00000000000000       0.17330220000000002     
   207.25000000000000       0.17093520000000001     
   207.50000000000000       0.16814040000000002     
   207.75000000000000       0.16490080000000001     
   208.00000000000000       0.16139660000000000     
   208.25000000000000       0.15809360000000000     
   208.50000000000000       0.15553800000000001     
   208.75000000000000       0.15403040000000001     
   209.00000000000000       0.15346340000000000     
   209.25000000000000       0.15344360000000001     
   209.50000000000000       0.15358060000000001     
   209.75000000000000       0.15371560000000001     
   210.00000000000000       0.15394540000000001     
   210.25000000000000       0.15446140000000000     
   210.50000000000000       0.15533140000000001     
   210.75000000000000       0.15637940000000000     
   211.00000000000000       0.15725220000000001     
   211.25000000000000       0.15763759999999999     
   211.50000000000000       0.15747659999999999     
   211.75000000000000       0.15697800000000001     
   212.00000000000000       0.15639739999999999     
   212.25000000000000       0.15577279999999999     
   212.50000000000000       0.15487160000000000     
   212.75000000000000       0.15341260000000001     
   213.00000000000000       0.15136120000000000     
   213.25000000000000       0.14904020000000001     
   213.50000000000000       0.14699119999999999     
   213.75000000000000       0.14571820000000002     
   214.00000000000000       0.14547520000000003     
   214.25000000000000       0.14617560000000002     
   214.50000000000000       0.14743380000000000     
   214.75000000000000       0.14872239999999998     
   215.00000000000000       0.14957540000000000     
   215.25000000000000       0.14973580000000000     
   215.50000000000000       0.14918200000000001     
   215.75000000000000       0.14805299999999999     
   216.00000000000000       0.14654460000000000     
   216.25000000000000       0.14482820000000002     
   216.50000000000000       0.14301480000000000     
   216.75000000000000       0.14116840000000000     
   217.00000000000000       0.13935600000000001     
   217.25000000000000       0.13769460000000000     
   217.50000000000000       0.13635160000000002     
   217.75000000000000       0.13549320000000001     
   218.00000000000000       0.13521480000000002     
   218.25000000000000       0.13548880000000002     
   218.50000000000000       0.13613999999999998     
   218.75000000000000       0.13684800000000000     
   219.00000000000000       0.13720700000000000     
   219.25000000000000       0.13687479999999999     
   219.50000000000000       0.13576539999999998     
   219.75000000000000       0.13415879999999999     
   220.00000000000000       0.13261940000000000     
   220.25000000000000       0.13174800000000000     
   220.50000000000000       0.13191000000000000     
   220.75000000000000       0.13307940000000001     
   221.00000000000000       0.13483780000000001     
   221.25000000000000       0.13648860000000002     
   221.50000000000000       0.13725379999999998     
   221.75000000000000       0.13653640000000000     
   222.00000000000000       0.13417640000000000     
   222.25000000000000       0.13057279999999999     
   222.50000000000000       0.12657119999999999     
   222.75000000000000       0.12314159999999999     
   223.00000000000000       0.12100040000000001     
   223.25000000000000       0.12035340000000000     
   223.50000000000000       0.12087059999999999     
   223.75000000000000       0.12188880000000001     
   224.00000000000000       0.12273020000000001     
   224.25000000000000       0.12298040000000000     
   224.50000000000000       0.12260320000000000     
   224.75000000000000       0.12185840000000001     
   225.00000000000000       0.12108980000000000     
   225.25000000000000       0.12052740000000001     
   225.50000000000000       0.12023560000000000     
   225.75000000000000       0.12021340000000000     
   226.00000000000000       0.12051260000000000     
   226.25000000000000       0.12123539999999999     
   226.50000000000000       0.12241160000000001     
   226.75000000000000       0.12388399999999999     
   227.00000000000000       0.12530780000000000     
   227.25000000000000       0.12625220000000001     
   227.50000000000000       0.12633559999999999     
   227.75000000000000       0.12534180000000000     
   228.00000000000000       0.12329340000000000     
   228.25000000000000       0.12045280000000000     
   228.50000000000000       0.11723320000000000     
   228.75000000000000       0.11405460000000001     
   229.00000000000000       0.11122499999999999     
   229.25000000000000       0.10890739999999999     
   229.50000000000000       0.10715700000000000     
   229.75000000000000       0.10596639999999999     
   230.00000000000000       0.10527180000000000     
   230.25000000000000       0.10493360000000000     
   230.50000000000000       0.10473660000000000     
   230.75000000000000       0.10443819999999999     
   231.00000000000000       0.10385800000000001     
   231.25000000000000       0.10296460000000000     
   231.50000000000000       0.10189440000000000     
   231.75000000000000       0.10086700000000001     
   232.00000000000000       0.10005000000000000     
   232.25000000000000       9.94889999999999941E-002
   232.50000000000000       9.91723999999999939E-002
   232.75000000000000       9.91609999999999991E-002
   233.00000000000000       9.96294000000000068E-002
   233.25000000000000       0.10075519999999999     
   233.50000000000000       0.10254479999999999     
   233.75000000000000       0.10474259999999999     
   234.00000000000000       0.10689119999999999     
   234.25000000000000       0.10850060000000000     
   234.50000000000000       0.10923520000000000     
   234.75000000000000       0.10903480000000000     
   235.00000000000000       0.10812179999999999     
   235.25000000000000       0.10689699999999999     
   235.50000000000000       0.10578200000000000     
   235.75000000000000       0.10508160000000000     
   236.00000000000000       0.10491159999999999     
   236.25000000000000       0.10518760000000001     
   236.50000000000000       0.10565560000000000     
   236.75000000000000       0.10596939999999999     
   237.00000000000000       0.10581979999999999     
   237.25000000000000       0.10508400000000000     
   237.50000000000000       0.10391080000000000     
   237.75000000000000       0.10265960000000000     
   238.00000000000000       0.10170300000000000     
   238.25000000000000       0.10120699999999999     
   238.50000000000000       0.10102540000000000     
   238.75000000000000       0.10076580000000000     
   239.00000000000000       9.99770000000000103E-002
   239.25000000000000       9.83584000000000125E-002
   239.50000000000000       9.58990000000000120E-002
   239.75000000000000       9.28865999999999997E-002
   240.00000000000000       8.97899999999999948E-002
   240.25000000000000       8.70855999999999991E-002
   240.50000000000000       8.51129999999999942E-002
   240.75000000000000       8.40112000000000081E-002
   241.00000000000000       8.37357999999999991E-002
   241.25000000000000       8.41203999999999980E-002
   241.50000000000000       8.49502000000000035E-002
   241.75000000000000       8.60228000000000104E-002
   242.00000000000000       8.71795999999999960E-002
   242.25000000000000       8.83038000000000017E-002
   242.50000000000000       8.92949999999999994E-002
   242.75000000000000       9.00499999999999912E-002
   243.00000000000000       9.04801999999999967E-002
   243.25000000000000       9.05672000000000005E-002
   243.50000000000000       9.04168000000000055E-002
   243.75000000000000       9.02431999999999956E-002
   244.00000000000000       9.02567999999999981E-002
   244.25000000000000       9.05197999999999975E-002
   244.50000000000000       9.08902000000000043E-002
   244.75000000000000       9.11243999999999943E-002
   245.00000000000000       9.10644000000000037E-002
   245.25000000000000       9.07469999999999943E-002
   245.50000000000000       9.03385999999999911E-002
   245.75000000000000       8.99712000000000012E-002
   246.00000000000000       8.96500000000000075E-002
   246.25000000000000       8.93107999999999957E-002
   246.50000000000000       8.89463999999999949E-002
   246.75000000000000       8.86689999999999978E-002
   247.00000000000000       8.86604000000000003E-002
   247.25000000000000       8.90613999999999989E-002
   247.50000000000000       8.98728000000000027E-002
   247.75000000000000       9.09162000000000026E-002
   248.00000000000000       9.18807999999999986E-002
   248.25000000000000       9.24494000000000010E-002
   248.50000000000000       9.24412000000000011E-002
   248.75000000000000       9.18826000000000087E-002
   249.00000000000000       9.09596000000000016E-002
   249.25000000000000       8.98916000000000021E-002
   249.50000000000000       8.88226000000000016E-002
   249.75000000000000       8.78004000000000007E-002
   250.00000000000000       8.73020000000000046E-002
