# Results from heasarc_batsegrbsp: CGRO/BATSE Complete Spectral Catalog of Bright GRBs
# Coordinate system:  Equatorial
#%|trigger_num|name      |ra     |dec   |time               |spectral_model|peak_energy|peak_energy_error|low_pl_index|low_pl_index_error|high_pl_index|high_pl_index_error|break_energy|break_energy_error|
|      06404|GRB 970930|18 45.8|-84 31|1997-09-30 00:00:59|SBPL          |        150|               14|       -1.50|              0.04|        -2.59|               0.14|         153|                13|
|      07515|GRB 990411|21 59.4|-83 26|1999-04-11 04:25:31|BAND          |        187|               12|       -0.32|              0.12|        -2.20|               0.08|         117|                 8|
|      03255|GRB 941023|14 09.1|-82 21|1994-10-23 04:34:32|COMP          |          5|                2|       -1.99|              0.00|             |                   |            |                  |
|      00761|GRB 910905|00 00.0|-81 03|1991-09-05 23:48:55|SBPL          |        285|               25|       -1.24|              0.02|        -2.43|               0.10|         250|                17|
|      07113|GRB 980923|05 07.8|-80 36|1998-09-23 20:10:47|SBPL          |        339|                7|       -0.93|              0.00|        -2.74|               0.03|         298|                 4|
|      05629|GRB 961009|08 40.8|-80 14|1996-10-09 13:37:45|BAND          |        232|                6|       -0.88|              0.03|        -3.00|               0.24|         233|                26|
|      07560|GRB 990510|13 50.0|-80 13|1999-05-10 08:49:06|BAND          |        136|                6|       -1.24|              0.05|        -2.41|               0.09|         117|                10|
|      06476|GRB 971113|14 26.3|-76 38|1997-11-13 16:08:50|SBPL          |           |                 |       -1.75|              0.12|        -1.41|               0.02|          72|                14|
|      07491|GRB 990323|22 10.3|-76 32|1999-03-23 17:29:37|BAND          |        442|                7|       -0.91|              0.01|        -2.36|               0.04|         306|                 9|
|      06593|GRB 980208|04 03.9|-75 29|1998-02-08 12:50:59|SBPL          |        218|               13|       -1.23|              0.02|        -2.30|               0.05|         176|                 8|
|      02486|GRB 930809|02 31.9|-74 38|1993-08-09 05:11:04|COMP          |        195|                7|       -1.28|              0.04|             |                   |            |                  |
|      01553|GRB 920414|07 30.0|-73 43|1992-04-14 23:22:41|SBPL          |           |                 |       -0.88|              0.03|        -1.74|               0.04|         225|                16|
|      03571|GRB 950513|18 06.4|-72 55|1995-05-13 22:41:43|COMP          |        307|               11|       -1.11|              0.03|             |                   |            |                  |
|      02770|GRB 940119|21 46.2|-71 38|1994-01-19 02:42:10|PWRL          |           |                 |       -1.45|              0.02|             |                   |            |                  |
|      02387|GRB 930612|06 52.3|-69 46|1993-06-12 00:44:17|SBPL          |        135|               21|        0.07|              0.28|        -2.48|               0.06|          69|                 9|
|      02895|GRB 940329|15 50.0|-68 53|1994-03-29 05:49:26|BAND          |        225|               10|       -0.75|              0.05|        -2.50|               0.12|         170|                13|
|      02522|GRB 930910|11 10.4|-66 41|1993-09-10 12:12:08|BAND          |        200|               11|        0.91|              0.23|        -2.00|               0.06|         112|                 6|
|      03767|GRB 950822|16 21.0|-66 24|1995-08-22 03:49:09|COMP          |        459|               13|       -1.00|              0.02|             |                   |            |                  |
|      03290|GRB 941121|02 21.8|-66 22|1994-11-21 17:24:57|SBPL          |        127|               18|       -1.77|              0.03|        -2.80|               0.18|         169|                21|
|      05470|GRB 960523|03 07.0|-63 19|1996-05-23 16:32:01|BAND          |        940|              159|       -0.65|              0.07|        -1.72|               0.11|         384|                75|
|      00226|GRB 910525|14 24.1|-62 49|1991-05-25 19:26:27|COMP          |        404|               63|       -1.05|              0.10|             |                   |            |                  |
|      03044|GRB 940624|18 49.8|-62 23|1994-06-24 14:33:14|PWRL          |           |                 |       -2.20|              0.14|             |                   |            |                  |
|      07868|GRB 991121|20 06.4|-61 34|1999-11-21 11:21:44|BAND          |        144|                5|       -0.50|              0.08|        -2.52|               0.09|         110|                 6|
|      03298|GRB 941126|17 39.0|-61 18|1994-11-26 12:22:01|SBPL          |        246|               45|       -1.33|              0.06|        -2.47|               0.36|         245|                45|
|      07527|GRB 990424|05 55.5|-60 20|1999-04-24 03:12:31|BAND          |        316|                8|       -0.44|              0.03|        -2.51|               0.09|         222|                10|
|      02798|GRB 940206|09 36.8|-59 58|1994-02-06 00:08:37|SBPL          |        379|               31|       -1.13|              0.02|        -2.25|               0.04|         245|                13|
|      05731|GRB 961228|00 16.6|-59 04|1996-12-28 23:58:38|SBPL          |        171|               58|       -1.69|              0.05|        -2.05|               0.10|         139|                34|
|      07446|GRB 990304|00 33.3|-58 15|1999-03-04 10:15:36|BAND          |        178|               17|       -1.46|              0.08|        -2.67|               0.42|         214|                74|
|      00543|GRB 910717|16 39.4|-58 13|1991-07-17 04:33:04|COMP          |        263|                8|       -0.97|              0.03|             |                   |            |                  |
|      07932|GRB 000103|11 11.6|-57 59|2000-01-03 23:35:08|BAND          |        135|                9|       -1.13|              0.12|        -2.51|               0.14|         120|                14|
|      01541|GRB 920406|19 19.6|-57 41|1992-04-06 02:44:13|SBPL          |        290|               27|       -1.25|              0.02|        -2.58|               0.09|         266|                20|
|      03860|GRB 951011|02 43.4|-57 35|1995-10-11 21:34:39|BAND          |        535|               24|       -0.57|              0.03|        -2.33|               0.11|         341|                26|
|      02953|GRB 940429|02 20.4|-57 31|1994-04-29 00:43:53|SBPL          |        174|                9|       -1.31|              0.02|        -2.30|               0.03|         143|                 6|
|      07678|GRB 990728|13 58.5|-56 50|1999-07-28 11:03:44|SBPL          |        285|               14|       -1.04|              0.02|        -2.33|               0.04|         222|                 9|
|      06630|GRB 980306|22 46.5|-56 44|1998-03-06 17:34:11|COMP          |        270|               13|       -1.45|              0.03|             |                   |            |                  |
|      01709|GRB 920718|19 45.6|-55 59|1992-07-18 21:32:43|BAND          |        192|                5|       -1.09|              0.03|        -3.06|               0.23|         221|                26|
|      03415|GRB 950211|04 17.4|-55 01|1995-02-11 20:07:48|SBPL          |        168|               27|       -1.51|              0.04|        -2.81|               0.19|         199|                28|
|      01525|GRB 920329|01 12.8|-54 46|1992-03-29 16:38:26|SBPL          |        536|              119|       -0.76|              0.06|        -2.44|               0.20|         375|                59|
|      06609|GRB 980219|16 44.0|-54 43|1998-02-19 13:52:43|BAND          |        204|               17|       -0.71|              0.09|        -1.90|               0.05|         107|                 9|
|      05304|GRB 960322|06 27.9|-54 37|1996-03-22 05:27:21|BAND          |        285|                4|       -0.63|              0.02|        -2.41|               0.03|         198|                 5|
|      03634|GRB 950608|03 50.2|-53 36|1995-06-08 22:34:32|BAND          |        229|               26|       -0.55|              0.17|        -2.25|               0.19|         146|                21|
|      06157|GRB 970404|04 54.6|-53 17|1997-04-04 17:30:11|SBPL          |        321|               25|       -1.18|              0.02|        -2.42|               0.08|         275|                17|
|      02067|GRB 921123|22 17.0|-53 15|1992-11-23 06:18:31|SBPL          |        246|               12|       -0.70|              0.02|        -3.75|               0.09|         291|                12|
|      03227|GRB 941008|20 22.5|-52 11|1994-10-08 13:32:52|SBPL          |        257|               20|       -1.33|              0.02|        -2.30|               0.06|         213|                13|
|      07975|GRB 000131|06 15.8|-52 02|2000-01-31 14:57:57|BAND          |        132|               11|       -0.69|              0.17|        -2.05|               0.05|          81|                 6|
|      02090|GRB 921209|22 11.9|-52 01|1992-12-09 11:35:38|BAND          |        183|                9|       -1.05|              0.06|        -2.40|               0.10|         143|                12|
|      01872|GRB 920824|15 14.4|-51 47|1992-08-24 10:53:03|SBPL          |           |                 |       -0.97|              0.02|        -1.91|               0.04|         284|                16|
|      06349|GRB 970827|08 58.6|-51 38|1997-08-27 09:55:50|SBPL          |           |                 |       -1.35|              0.05|        -1.84|               0.06|         150|                20|
|      00219|GRB 910522|09 10.9|-50 53|1991-05-22 12:12:09|SBPL          |        240|               12|       -1.23|              0.02|        -2.28|               0.03|         191|                 8|
|      03110|GRB 940806|01 47.0|-49 51|1994-08-06 19:43:20|COMP          |        567|               22|       -0.08|              0.06|             |                   |            |                  |
|      03330|GRB 941228|23 35.1|-49 14|1994-12-28 07:39:41|SBPL          |        536|              281|       -1.00|              0.04|        -2.05|               0.11|         271|                32|
|      01601|GRB 920511|08 20.2|-48 58|1992-05-11 06:27:25|COMP          |        872|               68|       -0.67|              0.05|             |                   |            |                  |
|      05649|GRB 961029|03 59.2|-48 53|1996-10-29 06:45:50|SBPL          |        220|               15|       -1.48|              0.01|        -2.80|               0.06|         268|                15|
|      02940|GRB 940419|23 59.4|-47 57|1994-04-19 19:10:58|BAND          |        432|               21|       -1.10|              0.02|        -2.75|               0.30|         409|                76|
|      06353|GRB 970831|05 43.0|-47 20|1997-08-31 17:39:30|SBPL          |        135|               11|       -1.72|              0.02|        -2.12|               0.04|         134|                10|
|      07794|GRB 991009|17 09.1|-46 55|1999-10-09 16:49:55|BAND          |        220|               27|       -1.28|              0.07|        -2.25|               0.20|         161|                36|
|      06629|GRB 980306|00 28.2|-45 31|1998-03-06 09:33:02|SBPL          |        239|               34|       -1.39|              0.03|        -2.14|               0.10|         202|                23|
|      07898|GRB 991210|19 48.6|-45 27|1999-12-10 00:14:10|BAND          |        246|               18|       -0.86|              0.06|        -2.09|               0.07|         145|                12|
|      01157|GRB 911209|17 19.9|-45 05|1991-12-09 18:35:57|BAND          |        203|                9|       -1.00|              0.05|        -2.21|               0.05|         135|                 8|
|      06454|GRB 971029|04 27.5|-44 58|1997-10-29 06:13:48|COMP          |        381|              153|       -1.33|              0.16|             |                   |            |                  |
|      01606|GRB 920513|14 04.6|-44 46|1992-05-13 16:52:59|SBPL          |        189|               30|       -1.41|              0.04|        -2.80|               0.19|         209|                28|
|      07270|GRB 981219|14 35.6|-43 37|1998-12-19 09:25:48|PWRL          |           |                 |       -1.50|              0.04|             |                   |            |                  |
|      02700|GRB 931221|06 04.1|-43 10|1993-12-21 02:09:50|SBPL          |        177|               26|       -1.23|              0.07|        -2.72|               0.21|         175|                22|
|      02083|GRB 921207|20 25.3|-42 56|1992-12-07 16:00:47|COMP          |        241|                4|       -1.52|              0.01|             |                   |            |                  |
|      01625|GRB 920525|19 58.5|-42 03|1992-05-25 03:27:01|SBPL          |        383|               15|       -1.07|              0.01|        -2.30|               0.03|         295|                 9|
|      07610|GRB 990619|14 53.2|-42 02|1999-06-19 13:02:02|COMP          |        185|               17|       -1.06|              0.13|             |                   |            |                  |
|      02797|GRB 940203|12 16.6|-40 57|1994-02-03 15:46:56|SBPL          |        255|               26|       -1.00|              0.03|        -2.57|               0.11|         210|                17|
|      03736|GRB 950805|05 19.4|-39 23|1995-08-05 03:44:14|COMP          |        920|              159|       -0.89|              0.08|             |                   |            |                  |
|      06329|GRB 970807|19 17.8|-38 42|1997-08-07 18:25:09|SBPL          |        202|               19|       -1.27|              0.02|        -2.70|               0.11|         199|                15|
|      07575|GRB 990518|22 53.3|-38 41|1999-05-18 17:18:45|COMP          |        478|               33|       -0.83|              0.04|             |                   |            |                  |
|      06539|GRB 971220|02 12.9|-38 33|1997-12-20 04:06:33|COMP          |       2039|              251|       -0.58|              0.05|             |                   |            |                  |
|      03071|GRB 940710|06 25.7|-36 35|1994-07-10 09:55:29|SBPL          |        180|               34|       -1.44|              0.08|        -2.45|               0.31|         179|                33|
|      00394|GRB 910619|01 24.7|-36 34|1991-06-19 14:14:32|BAND          |        315|               13|       -0.91|              0.03|        -2.03|               0.04|         175|                 9|
|      01473|GRB 920311|08 39.0|-36 34|1992-03-11 02:20:24|BAND          |        376|                7|       -0.89|              0.01|        -2.27|               0.03|         246|                 7|
|      01698|GRB 920714|14 21.9|-36 26|1992-07-14 13:04:29|SBPL          |        182|                9|       -1.14|              0.02|        -2.55|               0.07|         164|                 7|
|      08101|GRB 000511|22 05.0|-36 07|2000-05-11 01:11:59|COMP          |        306|                9|       -0.64|              0.04|             |                   |            |                  |
|      03929|GRB 951202|21 52.2|-35 46|1995-12-02 10:51:40|SBPL          |        351|               50|       -1.39|              0.02|        -2.48|               0.16|         332|                39|
|      03523|GRB 950425|10 52.6|-35 15|1995-04-25 00:15:19|SBPL          |           |                 |       -0.97|              0.01|        -1.85|               0.02|         345|                12|
|      02316|GRB 930425|01 12.0|-35 11|1993-04-25 10:17:29|BAND          |        157|                6|       -1.57|              0.03|        -2.57|               0.11|         195|                23|
|      03138|GRB 940826|06 14.4|-34 38|1994-08-26 20:55:20|COMP          |        177|                5|       -1.38|              0.04|             |                   |            |                  |
|      05606|GRB 960917|20 55.5|-33 53|1996-09-17 22:22:32|BAND          |        203|               48|       -1.15|              0.19|        -2.13|               0.23|         130|                39|
|      02122|GRB 930106|08 19.2|-32 37|1993-01-06 19:57:15|COMP          |        393|               84|       -1.58|              0.06|             |                   |            |                  |
|      03301|GRB 941126|07 36.7|-32 35|1994-11-26 19:56:38|BAND          |        427|               48|       -0.85|              0.06|        -1.98|               0.11|         222|                31|
|      01156|GRB 911209|03 04.4|-31 18|1991-12-09 16:22:42|COMP          |        383|              174|       -1.25|              0.24|             |                   |            |                  |
|      02993|GRB 940526|05 21.6|-30 23|1994-05-26 10:55:26|BAND          |       1689|              483|       -0.99|              0.04|        -1.98|               0.59|         837|               549|
|      03035|GRB 940619|19 56.2|-29 53|1994-06-19 21:31:20|COMP          |        263|               12|       -1.30|              0.03|             |                   |            |                  |
|      04368|GRB 960114|14 24.8|-29 44|1996-01-14 12:15:04|SBPL          |        112|               20|       -0.77|              0.19|        -2.48|               0.03|          66|                 9|
|      07760|GRB 990909|01 54.1|-29 28|1999-09-09 07:51:14|SBPL          |        149|               28|       -0.48|              0.19|        -2.39|               0.06|          68|                10|
|      07938|GRB 000107|19 03.0|-29 09|2000-01-07 21:44:33|COMP          |        145|                8|       -1.07|              0.13|             |                   |            |                  |
|      01983|GRB 921009|08 01.6|-29 06|1992-10-09 06:41:10|BAND          |        264|                5|       -0.46|              0.03|        -3.65|               0.52|         286|                45|
|      05624|GRB 961006|18 18.6|-28 53|1996-10-06 08:56:04|BAND          |        227|               32|       -0.31|              0.21|        -1.88|               0.09|         118|                16|
|      05995|GRB 970202|03 18.3|-28 47|1997-02-02 07:10:44|SBPL          |        755|               80|       -0.79|              0.01|        -2.39|               0.06|         391|                24|
|      05609|GRB 960921|23 01.1|-28 33|1996-09-21 15:03:48|SBPL          |        145|               14|       -1.43|              0.03|        -2.96|               0.13|         173|                14|
|      07941|GRB 000109|16 35.5|-28 32|2000-01-09 10:27:14|PWRL          |           |                 |       -1.43|              0.01|             |                   |            |                  |
|      03937|GRB 951208|03 50.6|-28 09|1995-12-08 11:47:23|COMP          |        164|                7|       -0.72|              0.11|             |                   |            |                  |
|      03410|GRB 950210|10 18.2|-27 29|1995-02-10 02:20:21|COMP          |        120|                9|       -0.78|              0.29|             |                   |            |                  |
|      07248|GRB 981203|19 33.4|-27 14|1998-12-03 07:17:40|SBPL          |        382|              204|       -0.95|              0.13|        -2.14|               0.11|         120|                32|
|      01025|GRB 911109|07 28.0|-26 31|1991-11-09 03:27:37|SBPL          |        131|                6|       -1.12|              0.05|        -2.59|               0.06|         125|                 6|
|      08053|GRB 000326|22 13.4|-26 22|2000-03-26 05:18:56|BAND          |         90|                1|       -0.50|              0.07|        -3.68|               0.18|         108|                 6|
|      07549|GRB 990506|11 55.8|-26 14|1999-05-06 11:23:30|BAND          |        269|                8|       -1.07|              0.02|        -2.08|               0.03|         159|                 6|
|      02929|GRB 940414|12 05.0|-26 09|1994-04-14 16:46:25|SBPL          |           |                 |       -1.14|              0.01|        -1.98|               0.04|         280|                16|
|      05473|GRB 960524|23 54.1|-24 46|1996-05-24 20:09:09|COMP          |        354|               32|       -0.98|              0.07|             |                   |            |                  |
|      03253|GRB 941020|03 20.0|-24 44|1994-10-20 20:05:27|SBPL          |        213|               14|       -1.31|              0.01|        -3.39|               0.11|         294|                15|
|      07281|GRB 981226|17 48.6|-24 24|1998-12-26 10:47:04|BAND          |        140|                6|       -0.23|              0.14|        -2.54|               0.10|         103|                 6|
|      03870|GRB 951016|02 23.3|-24 22|1995-10-16 00:41:21|BAND          |        118|               19|       -1.61|              0.10|        -2.03|               0.03|          76|                11|
|      03663|GRB 950711|05 43.2|-24 01|1995-07-11 03:49:49|COMP          |        505|              158|       -1.51|              0.07|             |                   |            |                  |
|      06668|GRB 980330|14 59.7|-24 01|1998-03-30 00:01:33|SBPL          |           |                 |       -1.22|              0.14|        -1.98|               0.19|         149|                37|
|      02856|GRB 940302|00 50.0|-23 58|1994-03-02 05:08:31|SBPL          |        299|               30|       -1.24|              0.02|        -2.32|               0.09|         245|                19|
|      06570|GRB 980113|17 24.1|-23 50|1998-01-13 04:07:25|BAND          |         89|                6|       -1.10|              0.19|        -2.20|               0.04|          67|                 5|
|      03002|GRB 940529|04 24.8|-23 45|1994-05-29 16:20:36|COMP          |        205|               11|       -1.28|              0.06|             |                   |            |                  |
|      06380|GRB 970912|12 05.1|-23 28|1997-09-12 21:52:24|SBPL          |        226|               33|       -1.35|              0.03|        -2.15|               0.12|         190|                22|
|      01141|GRB 911202|11 30.0|-22 50|1991-12-02 20:28:49|BAND          |        410|               15|       -1.17|              0.01|        -2.23|               0.06|         274|                17|
|      00109|GRB 910425|06 05.2|-22 46|1991-04-25 00:37:45|COMP          |        523|               87|       -1.24|              0.06|             |                   |            |                  |
|      01484|GRB 920315|21 22.3|-20 53|1992-03-15 04:19:27|SBPL          |        162|                9|       -1.50|              0.02|        -2.63|               0.08|         166|                 9|
|      01085|GRB 911118|11 08.1|-20 51|1991-11-18 18:57:38|SBPL          |        197|                6|       -1.16|              0.01|        -2.90|               0.04|         202|                 5|
|      03657|GRB 950701|21 20.6|-20 49|1995-07-01 03:32:38|SBPL          |        279|               51|       -1.26|              0.04|        -2.55|               0.18|         252|                36|
|      01288|GRB 920110|03 52.3|-20 48|1992-01-10 09:17:58|SBPL          |        233|               22|       -1.27|              0.04|        -2.31|               0.11|         211|                18|
|      01886|GRB 920902|18 36.6|-20 42|1992-09-02 00:28:56|SBPL          |        560|               47|       -0.43|              0.03|        -2.58|               0.06|         315|                18|
|      08098|GRB 000508|16 54.2|-20 23|2000-05-08 19:10:50|BAND          |        146|               10|       -0.75|              0.14|        -2.43|               0.13|         111|                11|
|      07586|GRB 990527|22 58.2|-20 00|1999-05-27 13:56:55|BAND          |        195|               20|       -0.52|              0.17|        -2.24|               0.16|         126|                16|
|      02833|GRB 940218|23 18.8|-19 41|1994-02-18 19:32:28|SBPL          |        211|                9|       -1.53|              0.01|        -2.35|               0.04|         203|                 8|
|      05989|GRB 970201|03 40.5|-19 26|1997-02-01 15:54:10|SBPL          |           |                 |       -2.75|              0.02|        -2.47|               0.20|         191|               106|
|      03930|GRB 951203|18 39.4|-19 15|1995-12-03 01:06:27|SBPL          |        430|               28|       -1.16|              0.01|        -2.48|               0.08|         377|                19|
|      07788|GRB 991004|14 03.0|-19 02|1999-10-04 13:14:20|BAND          |        127|                9|       -0.85|              0.11|        -2.03|               0.04|          78|                 5|
|      02431|GRB 930706|18 34.2|-18 58|1993-07-06 05:13:30|BAND          |        199|                8|       -0.99|              0.04|        -2.19|               0.03|         131|                 6|
|      03178|GRB 940921|13 39.6|-17 46|1994-09-21 05:08:13|SBPL          |           |                 |       -1.23|              0.01|        -1.99|               0.05|         298|                21|
|      06587|GRB 980203|00 13.8|-17 39|1998-02-03 22:47:08|BAND          |        311|                5|       -0.90|              0.01|        -2.38|               0.03|         222|                 6|
|      03115|GRB 940810|14 08.0|-17 28|1994-08-10 02:22:42|SBPL          |        255|               20|       -0.97|              0.03|        -2.29|               0.07|         190|                11|
|      02661|GRB 931126|00 13.2|-17 24|1993-11-26 19:31:39|BAND          |        177|                3|       -0.78|              0.04|        -2.80|               0.08|         160|                 7|
|      01609|GRB 920517|13 36.4|-16 28|1992-05-17 03:17:54|BAND          |        262|                7|       -1.03|              0.02|        -2.51|               0.07|         213|                11|
|      02383|GRB 930609|13 54.9|-16 23|1993-06-09 10:07:24|SBPL          |           |                 |       -0.81|              0.05|        -1.81|               0.09|         272|                30|
|      03247|GRB 941018|03 43.0|-16 17|1994-10-18 06:02:10|COMP          |        358|               53|       -0.75|              0.14|             |                   |            |                  |
|      06293|GRB 970704|04 59.3|-16 00|1997-07-04 01:08:16|PWRL          |           |                 |       -1.25|              0.01|             |                   |            |                  |
|      06198|GRB 970420|14 12.0|-15 55|1997-04-20 20:14:02|BAND          |        338|                8|       -1.20|              0.01|        -2.48|               0.06|         282|                14|
|      07954|GRB 000115|07 46.2|-15 47|2000-01-15 14:49:32|BAND          |        220|                4|       -0.83|              0.02|        -2.70|               0.08|         189|                 8|
|      03345|GRB 950104|20 13.0|-15 38|1995-01-04 07:18:39|SBPL          |        166|               16|       -1.46|              0.03|        -2.16|               0.06|         145|                12|
|      06235|GRB 970517|07 28.4|-15 25|1997-05-17 09:04:42|SBPL          |        321|               33|       -0.98|              0.03|        -3.01|               0.18|         320|                27|
|      02790|GRB 940128|14 56.1|-15 13|1994-01-28 16:51:05|SBPL          |        188|                8|       -1.59|              0.02|        -2.60|               0.08|         189|                 8|
|      08081|GRB 000420|08 37.0|-14 35|2000-04-20 14:22:10|BAND          |        155|               27|       -1.19|              0.23|        -2.11|               0.07|         100|                17|
|      01571|GRB 920429|11 56.3|-14 20|1992-04-29 18:59:32|COMP          |        297|               42|       -1.58|              0.06|             |                   |            |                  |
|      06249|GRB 970603|07 01.0|-13 51|1997-06-03 09:49:05|SBPL          |        223|               25|       -1.36|              0.03|        -2.13|               0.13|         218|                24|
|      00351|GRB 910614|11 39.0|-12 57|1991-06-14 01:54:24|COMP          |        174|               12|       -1.42|              0.08|             |                   |            |                  |
|      07240|GRB 981130|23 15.7|-12 50|1998-11-30 00:53:04|BAND          |        649|               73|       -0.54|              0.07|        -2.26|               0.29|         395|                77|
|      02889|GRB 940319|04 35.0|-12 36|1994-03-19 23:57:20|SBPL          |        218|               13|       -0.93|              0.04|        -2.11|               0.08|         212|                12|
|      01997|GRB 921022|16 55.1|-12 25|1992-10-22 15:20:59|BAND          |         66|                8|       -1.08|              0.37|        -2.06|               0.02|          48|                 4|
|      02852|GRB 940228|08 31.9|-12 22|1994-02-28 11:29:00|SBPL          |        307|               25|       -1.05|              0.02|        -3.14|               0.16|         327|                21|
|      07360|GRB 990129|06 19.7|-12 17|1999-01-29 05:15:50|COMP          |        259|               11|       -1.13|              0.04|             |                   |            |                  |
|      07310|GRB 990108|04 08.5|-12 07|1999-01-08 08:21:06|COMP          |        319|               15|       -0.79|              0.04|             |                   |            |                  |
|      00298|GRB 910609|06 52.3|-12 04|1991-06-09 00:48:27|SBPL          |        389|               67|       -1.24|              0.04|        -2.40|               0.28|         387|                66|
|      07012|GRB 980821|08 14.0|-12 00|1998-08-21 17:16:05|SBPL          |        255|               16|       -1.40|              0.01|        -2.50|               0.08|         245|                13|
|      03481|GRB 950325|04 24.9|-11 34|1995-03-25 17:36:31|BAND          |        347|               24|       -1.08|              0.04|        -2.07|               0.07|         200|                19|
|      03458|GRB 950305|13 08.8|-11 07|1995-03-05 15:05:04|BAND          |        257|                5|       -0.49|              0.03|        -2.62|               0.06|         193|                 6|
|      02606|GRB 931026|03 25.4|-10 34|1993-10-26 11:35:57|COMP          |        281|               56|       -1.01|              0.18|             |                   |            |                  |
|      07884|GRB 991127|01 05.9|-10 26|1999-11-27 14:54:59|COMP          |        636|              129|       -1.23|              0.06|             |                   |            |                  |
|      01712|GRB 920720|09 39.0|-10 18|1992-07-20 05:52:52|SBPL          |        178|               13|       -1.37|              0.04|        -2.53|               0.10|         175|                12|
|      03352|GRB 950111|01 18.3|-10 13|1995-01-11 12:18:30|BAND          |        143|                4|       -1.14|              0.05|        -2.57|               0.09|         132|                 8|
|      02286|GRB 930405|13 12.7|-08 48|1993-04-05 08:54:49|COMP          |        299|               11|       -0.97|              0.04|             |                   |            |                  |
|      06397|GRB 970925|21 47.4|-08 25|1997-09-25 22:43:15|BAND          |        186|                6|       -0.73|              0.05|        -2.54|               0.12|         145|                10|
|      02151|GRB 930131|12 08.2|-08 14|1993-01-31 18:57:11|COMP          |        534|               86|       -1.46|              0.06|             |                   |            |                  |
|      05526|GRB 960703|00 18.5|-07 45|1996-07-03 13:42:53|COMP          |        270|               19|       -1.32|              0.04|             |                   |            |                  |
|      03152|GRB 940902|03 45.3|-07 26|1994-09-02 14:29:52|SBPL          |           |                 |       -0.99|              0.04|        -1.79|               0.16|         490|               110|
|      07530|GRB 990425|22 10.7|-07 25|1999-04-25 02:19:26|BAND          |        147|                4|       -0.17|              0.09|        -2.73|               0.12|         115|                 6|
|      03537|GRB 950503|10 36.6|-07 11|1995-05-03 18:36:10|SBPL          |        220|               20|       -1.75|              0.01|        -2.32|               0.08|         227|                20|
|      06274|GRB 970616|01 21.8|-07 07|1997-06-16 18:09:50|BAND          |        126|               10|       -1.34|              0.10|        -2.35|               0.12|         109|                15|
|      03954|GRB 951213|18 55.9|-06 49|1995-12-13 04:57:32|BAND          |        262|               24|       -1.06|              0.06|        -1.91|               0.04|         131|                12|
|      07477|GRB 990316|06 49.8|-06 12|1999-03-16 12:28:59|SBPL          |        216|               20|       -1.26|              0.03|        -2.11|               0.06|         174|                12|
|      02329|GRB 930506|04 17.8|-05 58|1993-05-06 14:52:51|SBPL          |           |                 |       -1.26|              0.00|        -1.79|               0.02|         331|                13|
|      07503|GRB 990403|19 55.5|-05 03|1999-04-03 09:48:02|SBPL          |        154|               22|       -1.73|              0.03|        -2.36|               0.12|         159|                22|
|      08087|GRB 000429|06 40.9|-04 49|2000-04-29 10:07:22|SBPL          |        329|               75|       -1.15|              0.04|        -2.22|               0.16|         240|                35|
|      06389|GRB 970919|09 21.6|-04 44|1997-09-19 18:14:29|BAND          |        203|               17|       -1.12|              0.07|        -2.06|               0.06|         120|                12|
|      06525|GRB 971207|08 55.0|-04 35|1997-12-07 20:03:52|SBPL          |        183|               13|       -1.07|              0.03|        -2.42|               0.13|         168|                10|
|      01480|GRB 920314|16 03.0|-04 34|1992-03-14 06:02:27|BAND          |        246|               66|       -0.50|              0.33|        -1.76|               0.09|         116|                29|
|      07475|GRB 990316|10 08.3|-04 26|1999-03-16 09:40:39|BAND          |        138|                5|       -1.31|              0.04|        -2.36|               0.06|         118|                 8|
|      07810|GRB 991018|14 56.1|-03 41|1999-10-18 19:02:41|BAND          |        622|               47|       -0.35|              0.07|        -2.76|               0.49|         467|                99|
|      07569|GRB 990516|16 54.2|-03 38|1999-05-16 23:54:23|PWRL          |           |                 |       -1.65|              0.02|             |                   |            |                  |
|      02619|GRB 931106|13 07.0|-03 08|1993-11-06 20:32:04|PWRL          |           |                 |       -2.14|              0.07|             |                   |            |                  |
|      01676|GRB 920627|11 04.1|-02 35|1992-06-27 13:02:36|BAND          |        206|                7|       -1.25|              0.03|        -2.85|               0.22|         233|                32|
|      00451|GRB 910627|13 12.0|-02 29|1991-06-27 04:29:17|BAND          |        143|                8|       -1.47|              0.05|        -2.41|               0.10|         139|                16|
|      07695|GRB 990803|17 14.5|-02 02|1999-08-03 06:29:35|SBPL          |        725|               95|       -0.90|              0.01|        -4.17|               0.41|         991|                96|
|      05486|GRB 960605|10 17.0|-01 59|1996-06-05 08:09:52|BAND          |        184|               27|       -0.96|              0.11|        -1.67|               0.01|          76|                10|
|      02514|GRB 930905|20 43.8|-01 13|1993-09-05 03:26:30|SBPL          |        208|               22|       -1.34|              0.04|        -2.76|               0.20|         212|                21|
|      02389|GRB 930612|23 08.4|-01 05|1993-06-12 08:53:57|SBPL          |        142|               11|       -1.19|              0.03|        -5.03|               0.39|         224|                15|
|      06944|GRB 980724|12 55.7|-00 46|1998-07-24 20:34:40|BAND          |        105|                2|       -0.87|              0.07|        -2.71|               0.07|          98|                 4|
|      03788|GRB 950909|14 25.4|-00 07|1995-09-09 23:44:12|BAND          |        175|                5|       -0.48|              0.06|        -2.24|               0.04|         114|                 4|
|      07301|GRB 990104|08 39.8|+01 11|1999-01-04 16:02:33|SBPL          |        386|               33|       -1.40|              0.01|        -2.21|               0.06|         303|                18|
|      07660|GRB 990718|19 07.7|+01 20|1999-07-18 12:06:51|COMP          |        498|               53|       -0.99|              0.06|             |                   |            |                  |
|      07170|GRB 981021|23 48.6|+01 40|1998-10-21 23:08:12|PWRL          |           |                 |       -1.38|              0.01|             |                   |            |                  |
|      00130|GRB 910430|09 03.2|+02 44|1991-04-30 17:08:39|BAND          |        180|               23|       -1.23|              0.13|        -2.33|               0.22|         141|                31|
|      07295|GRB 990102|13 33.9|+02 44|1999-01-02 13:51:58|COMP          |        330|               19|       -0.32|              0.09|             |                   |            |                  |
|      02890|GRB 940321|10 41.3|+03 06|1994-03-21 22:05:07|SBPL          |           |                 |       -1.09|              0.03|        -2.00|               0.11|         414|                48|
|      06892|GRB 980703|15 12.0|+03 16|1998-07-03 13:48:28|COMP          |        308|               41|       -1.22|              0.08|             |                   |            |                  |
|      03128|GRB 940817|18 43.4|+03 28|1994-08-17 08:40:15|BAND          |        363|                9|       -0.54|              0.03|        -2.32|               0.05|         234|                 9|
|      07457|GRB 990308|12 36.7|+03 33|1999-03-08 05:15:07|COMP          |        737|              332|       -1.07|              0.15|             |                   |            |                  |
|      02831|GRB 940217|01 56.3|+04 33|1994-02-17 23:02:42|SBPL          |        503|               24|       -1.29|              0.00|        -2.21|               0.03|         382|                14|
|      07971|GRB 000126|07 52.0|+05 02|2000-01-26 23:26:29|BAND          |        237|               15|       -1.18|              0.04|        -2.42|               0.17|         192|                27|
|      00647|GRB 910807|10 15.4|+06 29|1991-08-07 07:20:32|BAND          |        190|                3|       -0.19|              0.05|        -3.34|               0.17|         178|                 9|
|      01121|GRB 911126|10 39.2|+06 56|1991-11-26 12:48:47|SBPL          |        250|               16|       -1.46|              0.01|        -2.13|               0.04|         213|                11|
|      02984|GRB 940520|21 34.0|+06 56|1994-05-20 00:21:38|SBPL          |           |                 |       -1.19|              0.02|        -1.89|               0.07|         294|                39|
|      03241|GRB 941014|02 06.6|+07 26|1994-10-14 09:20:08|BAND          |        204|                8|       -1.53|              0.02|        -2.57|               0.15|         238|                34|
|      05512|GRB 960623|12 03.1|+07 35|1996-06-23 01:18:48|SBPL          |        174|               11|       -1.30|              0.03|        -2.08|               0.06|         170|                11|
|      00444|GRB 910626|08 53.5|+07 43|1991-06-26 07:15:13|BAND          |         91|               13|        0.18|              0.65|        -2.11|               0.07|          60|                 7|
|      01721|GRB 920723|05 43.2|+07 47|1992-07-23 01:00:34|SBPL          |        182|               27|       -1.61|              0.03|        -2.61|               0.17|         201|                27|
|      02891|GRB 940323|14 15.6|+08 22|1994-03-23 22:04:38|COMP          |       1116|               60|       -0.94|              0.02|             |                   |            |                  |
|      07647|GRB 990712|08 26.1|+08 39|1999-07-12 07:45:19|PWRL          |           |                 |       -1.44|              0.02|             |                   |            |                  |
|      03245|GRB 941017|20 06.2|+09 49|1994-10-17 10:19:33|SBPL          |        291|                8|       -1.07|              0.01|        -2.30|               0.02|         225|                 5|
|      03491|GRB 950403|02 25.6|+10 43|1995-04-03 13:19:47|SBPL          |        186|                9|       -1.65|              0.01|        -2.31|               0.03|         180|                 8|
|      07906|GRB 991216|05 11.8|+10 53|1999-12-16 16:07:01|BAND          |        394|                7|       -1.12|              0.01|        -2.30|               0.03|         278|                 8|
|      06891|GRB 980703|23 56.3|+12 01|1998-07-03 04:22:45|COMP          |        434|               99|       -1.38|              0.08|             |                   |            |                  |
|      07277|GRB 981223|12 47.8|+12 31|1998-12-23 12:11:15|BAND          |        113|                4|       -0.64|              0.14|        -2.45|               0.05|          88|                 4|
|      03448|GRB 950301|20 31.8|+12 55|1995-03-01 21:02:41|PWRL          |           |                 |       -1.71|              0.05|             |                   |            |                  |
|      03087|GRB 940717|07 19.2|+12 56|1994-07-17 03:24:29|BAND          |        182|               20|       -0.59|              0.19|        -2.22|               0.10|         118|                13|
|      01519|GRB 920325|23 26.3|+12 56|1992-03-25 17:17:35|COMP          |        929|              351|       -1.51|              0.06|             |                   |            |                  |
|      02287|GRB 930405|13 20.2|+13 01|1993-04-05 13:59:50|COMP          |        331|               16|       -1.03|              0.04|             |                   |            |                  |
|      06617|GRB 980228|01 38.0|+13 26|1998-02-28 06:44:07|SBPL          |        259|               32|       -1.13|              0.02|        -3.46|               0.31|         309|                31|
|      06615|GRB 980225|08 24.7|+14 26|1998-02-25 08:29:24|BAND          |        336|               25|       -0.51|              0.07|        -2.26|               0.20|         209|                27|
|      04701|GRB 960201|23 52.2|+14 28|1996-02-01 21:48:43|COMP          |        232|                6|       -1.00|              0.04|             |                   |            |                  |
|      02138|GRB 930120|17 25.2|+14 44|1993-01-20 23:31:40|SBPL          |        161|               13|       -1.65|              0.02|        -2.73|               0.10|         191|                14|
|      02863|GRB 940306|20 03.3|+15 06|1994-03-06 03:37:13|SBPL          |        243|               46|       -1.05|              0.06|        -2.49|               0.25|         208|                31|
|      07976|GRB 000201|09 20.3|+15 55|2000-02-01 03:02:09|COMP          |        311|               16|       -1.07|              0.04|             |                   |            |                  |
|      04898|GRB 960216|23 41.8|+16 45|1996-02-16 16:03:16|BAND          |         58|                1|       -0.62|              0.17|        -3.31|               0.06|          69|                 4|
|      02110|GRB 921230|01 18.1|+17 13|1992-12-30 08:57:50|BAND          |        459|               16|       -0.66|              0.03|        -3.00|               0.29|         415|                51|
|      01440|GRB 920226|18 05.0|+17 28|1992-02-26 08:15:28|SBPL          |        248|               25|       -1.07|              0.03|        -2.57|               0.10|         209|                16|
|      05773|GRB 970111|15 25.0|+18 44|1997-01-11 09:44:00|SBPL          |        177|                6|       -0.87|              0.01|        -4.37|               0.13|         228|                 6|
|      07464|GRB 990311|02 55.8|+19 15|1999-03-11 22:11:45|SBPL          |        326|               26|       -1.09|              0.02|        -2.50|               0.11|         284|                18|
|      03593|GRB 950522|07 18.2|+19 17|1995-05-22 23:41:23|COMP          |       1243|              114|       -1.16|              0.02|             |                   |            |                  |
|      07948|GRB 000113|10 53.1|+19 53|2000-01-13 09:30:02|COMP          |         68|                4|       -1.07|              0.18|             |                   |            |                  |
|      06744|GRB 980508|22 16.3|+20 28|1998-05-08 04:07:28|BAND          |        119|                4|       -0.80|              0.10|        -2.64|               0.10|         104|                 6|
|      07703|GRB 990807|22 34.4|+20 31|1999-08-07 21:55:46|COMP          |        231|               38|       -1.15|              0.15|             |                   |            |                  |
|      05704|GRB 961202|22 26.7|+20 33|1996-12-02 18:31:01|BAND          |        151|                7|       -1.29|              0.06|        -2.57|               0.14|         149|                17|
|      07028|GRB 980828|09 45.6|+20 44|1998-08-28 19:38:05|BAND          |        223|               20|       -0.25|              0.18|        -2.08|               0.07|         129|                11|
|      00973|GRB 911031|18 58.2|+21 20|1991-10-31 09:36:20|SBPL          |        251|               27|       -1.35|              0.03|        -2.08|               0.03|         156|                10|
|      06115|GRB 970306|01 13.4|+21 22|1997-03-06 02:47:39|COMP          |        487|               22|       -0.75|              0.03|             |                   |            |                  |
|      03287|GRB 941119|12 10.0|+21 59|1994-11-19 19:30:50|SBPL          |        168|               16|       -1.46|              0.04|        -2.48|               0.12|         165|                15|
|      03567|GRB 950509|02 57.8|+22 56|1995-05-09 23:16:05|PWRL          |           |                 |       -0.95|              0.20|             |                   |            |                  |
|      05591|GRB 960831|16 11.0|+22 56|1996-08-31 10:28:30|COMP          |        435|              122|       -1.40|              0.11|             |                   |            |                  |
|      01538|GRB 920404|21 35.1|+23 53|1992-04-04 13:11:43|BAND          |        226|               15|       -1.07|              0.05|        -2.20|               0.07|         150|                13|
|      05701|GRB 961130|16 28.9|+24 24|1996-11-30 05:13:52|SBPL          |           |                 |       -0.99|              0.02|        -1.79|               0.07|         426|                55|
|      03917|GRB 951123|03 35.0|+24 30|1995-11-23 18:10:05|BAND          |        393|               82|       -0.69|              0.17|        -2.45|               0.66|         276|               114|
|      06985|GRB 980810|23 19.7|+24 38|1998-08-10 18:35:29|SBPL          |        340|               25|       -1.00|              0.01|        -2.67|               0.07|         284|                15|
|      03067|GRB 940708|20 06.3|+24 40|1994-07-08 20:42:06|BAND          |        388|               18|       -1.15|              0.02|        -2.32|               0.08|         279|                22|
|      06453|GRB 971029|06 44.5|+24 40|1997-10-29 01:28:38|BAND          |        102|                2|       -1.26|              0.05|        -2.62|               0.07|         107|                 6|
|      00105|GRB 910421|18 02.7|+24 46|1991-04-21 09:14:03|BAND          |        137|                4|       -0.80|              0.06|        -2.71|               0.10|         122|                 7|
|      02450|GRB 930720|01 23.3|+25 20|1993-07-20 14:35:09|COMP          |        227|                9|       -1.11|              0.04|             |                   |            |                  |
|      06694|GRB 980420|19 31.2|+26 34|1998-04-20 10:06:52|BAND          |        422|               30|       -0.23|              0.08|        -2.31|               0.19|         261|                29|
|      02193|GRB 930214|12 59.2|+26 46|1993-02-14 18:12:58|BAND          |        282|                7|        0.47|              0.07|        -2.89|               0.15|         204|                10|
|      07578|GRB 990522|02 37.5|+27 04|1999-05-22 04:13:45|SBPL          |        215|               45|       -1.31|              0.05|        -2.57|               0.20|         202|                34|
|      03057|GRB 940703|08 46.0|+27 23|1994-07-03 04:40:46|SBPL          |        620|               35|       -1.08|              0.01|        -2.39|               0.04|         417|                15|
|      01419|GRB 920218|02 37.9|+27 28|1992-02-18 18:42:22|COMP          |        213|               17|       -1.65|              0.04|             |                   |            |                  |
|      02127|GRB 930112|15 05.3|+27 44|1993-01-12 03:47:30|SBPL          |        467|               72|       -1.29|              0.02|        -2.23|               0.11|         359|                38|
|      05654|GRB 961102|18 05.8|+28 08|1996-11-02 11:38:23|SBPL          |        242|               11|       -0.70|              0.02|        -2.47|               0.04|         171|                 6|
|      07929|GRB 000101|20 03.1|+28 29|2000-01-01 01:19:59|SBPL          |        343|               22|       -1.36|              0.01|        -2.10|               0.06|         336|                22|
|      02703|GRB 931222|12 50.1|+28 39|1993-12-22 21:21:33|SBPL          |        282|               29|       -1.36|              0.02|        -2.53|               0.18|         276|                26|
|      03360|GRB 950117|19 00.8|+29 05|1995-01-17 01:36:01|BAND          |        565|              176|       -1.00|              0.09|        -1.55|               0.06|         169|                53|
|      01623|GRB 920524|10 30.1|+29 13|1992-05-24 03:51:42|BAND          |        522|               47|       -0.87|              0.05|        -2.53|               0.39|         396|                97|
|      05632|GRB 961015|14 40.1|+30 06|1996-10-15 16:08:43|COMP          |       1205|              243|       -1.04|              0.06|             |                   |            |                  |
|      00678|GRB 910814|23 05.4|+30 26|1991-08-14 19:14:33|SBPL          |           |                 |       -0.99|              0.01|        -1.85|               0.05|         580|                41|
|      02919|GRB 940410|16 59.6|+30 48|1994-04-10 15:45:02|BAND          |        359|               53|       -1.32|              0.05|        -2.09|               0.13|         216|                45|
|      07285|GRB 981228|19 03.0|+31 19|1998-12-28 12:23:36|COMP          |        107|                7|       -1.42|              0.13|             |                   |            |                  |
|      03662|GRB 950706|01 54.4|+31 31|1995-07-06 11:52:15|SBPL          |           |                 |       -1.23|              0.03|        -1.68|               0.05|         170|                20|
|      06642|GRB 980315|04 58.6|+31 34|1998-03-15 07:24:00|COMP          |        289|               14|       -0.57|              0.07|             |                   |            |                  |
|      05567|GRB 960807|10 30.1|+32 08|1996-08-07 19:49:26|SBPL          |        268|               14|       -1.50|              0.01|        -2.38|               0.06|         260|                12|
|      00249|GRB 910601|20 40.5|+32 20|1991-06-01 19:22:14|SBPL          |        446|               22|       -1.06|              0.01|        -3.30|               0.07|         537|                21|
|      07854|GRB 991113|00 13.7|+32 51|1999-11-13 22:41:00|SBPL          |        150|                9|       -1.36|              0.02|        -2.95|               0.12|         165|                 8|
|      07247|GRB 981203|10 45.8|+32 55|1998-12-03 00:59:12|SBPL          |           |                 |       -1.07|              0.03|        -1.52|               0.02|         186|                15|
|      07925|GRB 991229|22 11.5|+33 35|1999-12-29 15:11:23|SBPL          |           |                 |       -1.05|              0.02|        -1.51|               0.04|         298|                36|
|      03464|GRB 950310|22 56.8|+33 38|1995-03-10 21:46:35|COMP          |        321|               27|       -1.14|              0.06|             |                   |            |                  |
|      03765|GRB 950818|18 34.6|+33 52|1995-08-18 01:23:22|BAND          |        220|                6|       -0.97|              0.03|        -2.58|               0.10|         185|                12|
|      02571|GRB 931008|11 01.6|+33 56|1993-10-08 11:09:10|PWRL          |           |                 |       -1.55|              0.01|             |                   |            |                  |
|      02112|GRB 921230|14 47.4|+34 10|1992-12-30 15:41:01|PWRL          |           |                 |       -1.89|              0.62|             |                   |            |                  |
|      02994|GRB 940526|08 47.4|+34 12|1994-05-26 20:20:05|COMP          |       1099|               55|       -1.13|              0.01|             |                   |            |                  |
|      06168|GRB 970411|03 47.9|+34 20|1997-04-11 09:52:25|SBPL          |           |                 |       -1.24|              0.02|        -1.71|               0.02|         172|                10|
|      05711|GRB 961212|12 11.4|+34 29|1996-12-12 04:07:50|SBPL          |           |                 |       -1.22|              0.02|        -1.89|               0.05|         247|                19|
|      00999|GRB 911104|14 09.8|+35 02|1991-11-04 15:04:41|BAND          |        265|               26|       -0.60|              0.11|        -1.95|               0.06|         140|                14|
|      06100|GRB 970223|09 29.8|+35 28|1997-02-23 08:26:17|BAND          |        560|               32|       -1.06|              0.02|        -2.32|               0.14|         389|                48|
|      06581|GRB 980125|23 22.7|+35 49|1998-01-25 20:39:28|SBPL          |        193|               15|       -1.57|              0.02|        -2.12|               0.07|         190|                15|
|      07592|GRB 990531|03 29.4|+36 32|1999-05-31 15:56:24|SBPL          |        183|               10|       -1.38|              0.02|        -2.19|               0.04|         159|                 8|
|      05697|GRB 961126|10 01.4|+36 43|1996-11-26 06:43:19|BAND          |         54|                2|       -0.97|              0.12|        -3.60|               0.12|          82|                 6|
|      01711|GRB 920720|13 32.1|+36 52|1992-07-20 03:12:04|SBPL          |        284|               20|       -1.14|              0.02|        -3.26|               0.19|         311|                19|
|      05568|GRB 960808|05 41.0|+37 01|1996-08-08 16:42:03|BAND          |        527|               32|       -0.51|              0.05|        -2.33|               0.13|         335|                30|
|      03658|GRB 950701|23 05.1|+37 44|1995-07-01 06:35:37|BAND          |        221|                6|       -0.66|              0.03|        -2.31|               0.05|         148|                 5|
|      02676|GRB 931204|16 40.6|+38 14|1993-12-04 09:48:10|SBPL          |        310|               13|       -1.14|              0.01|        -2.86|               0.06|         311|                11|
|      07318|GRB 990111|02 55.4|+38 16|1999-01-11 11:57:21|COMP          |        694|               30|       -0.62|              0.03|             |                   |            |                  |
|      00143|GRB 910503|05 49.8|+38 44|1991-05-03 07:04:12|SBPL          |        586|               28|       -1.06|              0.01|        -2.22|               0.03|         420|                13|
|      07236|GRB 981128|08 46.8|+39 21|1998-11-28 19:16:06|COMP          |        239|               13|       -0.94|              0.06|             |                   |            |                  |
|      06665|GRB 980329|07 02.3|+39 26|1998-03-29 03:44:38|SBPL          |        224|                7|       -1.21|              0.01|        -2.33|               0.03|         183|                 5|
|      07688|GRB 990802|02 19.0|+40 30|1999-08-02 01:04:43|SBPL          |        207|               37|       -1.13|              0.07|        -2.22|               0.20|         177|                25|
|      02156|GRB 930201|22 14.1|+41 09|1993-02-01 16:41:55|SBPL          |        281|               33|       -1.45|              0.02|        -2.30|               0.06|         228|                21|
|      01989|GRB 921015|08 12.2|+41 41|1992-10-15 01:36:32|COMP          |         99|                8|       -1.58|              0.11|             |                   |            |                  |
|      07343|GRB 990123|15 16.3|+42 19|1999-01-23 09:46:56|SBPL          |        444|                9|       -0.98|              0.00|        -2.29|               0.02|         331|                 4|
|      06266|GRB 970612|19 20.9|+43 31|1997-06-12 14:28:24|SBPL          |        280|               24|       -1.04|              0.02|        -2.57|               0.13|         249|                16|
|      03489|GRB 950401|05 44.2|+43 45|1995-04-01 20:43:54|BAND          |        314|                9|       -0.70|              0.04|        -3.33|               0.34|         329|                42|
|      06240|GRB 970523|07 24.3|+43 52|1997-05-23 23:01:30|COMP          |        365|               71|       -1.15|              0.12|             |                   |            |                  |
|      06618|GRB 980228|06 02.0|+44 06|1998-02-28 16:54:01|SBPL          |        315|               47|       -1.10|              0.03|        -2.20|               0.11|         224|                20|
|      06336|GRB 970816|06 06.3|+44 58|1997-08-16 02:17:44|BAND          |        805|               89|       -1.03|              0.03|        -2.03|               0.15|         429|                77|
|      00676|GRB 910814|03 52.0|+45 13|1991-08-14 11:09:40|BAND          |        315|               36|       -0.52|              0.14|        -2.33|               0.25|         204|                35|
|      02080|GRB 921206|11 45.9|+45 43|1992-12-06 18:24:19|BAND          |        303|               18|       -1.12|              0.04|        -2.39|               0.14|         231|                28|
|      03891|GRB 951102|09 14.3|+46 59|1995-11-02 05:52:55|BAND          |        145|               13|       -0.69|              0.16|        -2.05|               0.06|          88|                 8|
|      01663|GRB 920622|10 48.4|+47 10|1992-06-22 07:05:04|SBPL          |        409|               13|       -1.12|              0.01|        -2.30|               0.03|         319|                 8|
|      02276|GRB 930331|02 52.0|+47 16|1993-03-31 03:11:16|PWRL          |           |                 |       -2.65|              0.07|             |                   |            |                  |
|      01385|GRB 920210|10 03.9|+48 22|1992-02-10 09:53:43|SBPL          |        417|               52|       -0.88|              0.02|        -3.57|               0.28|         488|                46|
|      05477|GRB 960529|00 57.6|+48 53|1996-05-29 12:07:45|SBPL          |           |                 |       -1.11|              0.01|        -1.65|               0.10|         696|               132|
|      01122|GRB 911127|17 56.6|+49 44|1991-11-27 04:22:08|BAND          |        157|                3|       -0.93|              0.03|        -2.48|               0.04|         127|                 4|
|      02061|GRB 921118|23 21.8|+50 19|1992-11-18 22:11:44|COMP          |        294|               26|       -0.65|              0.13|             |                   |            |                  |
|      06472|GRB 971110|16 06.7|+50 22|1997-11-10 18:53:26|BAND          |        298|               13|       -0.92|              0.03|        -2.21|               0.07|         191|                12|
|      03480|GRB 950325|03 31.2|+50 30|1995-03-25 07:10:44|BAND          |        341|               14|       -0.56|              0.04|        -2.64|               0.16|         258|                21|
|      06560|GRB 980105|02 28.8|+51 40|1998-01-05 00:44:41|BAND          |        177|                5|       -0.61|              0.05|        -2.90|               0.21|         158|                14|
|      03918|GRB 951124|04 53.3|+51 41|1995-11-24 05:54:18|BAND          |        319|               38|       -0.52|              0.12|        -1.80|               0.07|         150|                18|
|      02228|GRB 930309|21 41.6|+51 44|1993-03-09 03:07:49|BAND          |        204|                8|       -0.92|              0.05|        -2.45|               0.09|         156|                11|
|      03412|GRB 950211|00 38.0|+52 39|1995-02-11 02:24:57|PWRL          |           |                 |       -2.13|              0.06|             |                   |            |                  |
|      06414|GRB 971006|16 39.1|+53 14|1997-10-06 05:16:57|SBPL          |        171|               21|       -1.42|              0.03|        -2.11|               0.08|         141|                13|
|      00257|GRB 910602|09 31.0|+53 59|1991-06-02 22:55:01|PWRL          |           |                 |       -1.54|              0.01|             |                   |            |                  |
|      04556|GRB 960124|03 24.2|+54 03|1996-01-24 00:56:25|BAND          |        235|                7|       -0.85|              0.03|        -2.26|               0.05|         157|                 7|
|      03408|GRB 950208|22 27.8|+54 11|1995-02-08 02:10:24|BAND          |        308|                5|       -1.04|              0.01|        -2.70|               0.08|         279|                14|
|      08008|GRB 000302|03 52.8|+54 17|2000-03-02 02:50:25|BAND          |        497|               15|       -0.64|              0.02|        -2.46|               0.10|         346|                20|
|      02537|GRB 930922|18 04.8|+55 53|1993-09-22 06:24:46|BAND          |         94|                1|       -1.40|              0.03|        -2.88|               0.07|         129|                 6|
|      03734|GRB 950804|19 09.8|+56 16|1995-08-04 01:58:54|SBPL          |        339|               30|       -0.84|              0.02|        -4.04|               0.25|         440|                31|
|      03492|GRB 950403|12 18.6|+56 33|1995-04-03 23:33:46|SBPL          |        373|               63|       -1.50|              0.01|        -2.75|               0.18|         453|                59|
|      01503|GRB 920320|21 35.5|+57 49|1992-03-20 12:18:58|SBPL          |        104|                8|       -1.54|              0.04|        -3.22|               0.14|         131|                 9|
|      06904|GRB 980706|10 38.8|+57 50|1998-07-06 15:59:47|SBPL          |        939|              180|       -0.99|              0.02|        -2.08|               0.29|         912|               171|
|      06963|GRB 980803|09 24.8|+57 59|1998-08-03 13:36:20|BAND          |        214|                3|       -0.64|              0.02|        -2.79|               0.08|         182|                 7|
|      06763|GRB 980518|22 02.8|+58 25|1998-05-18 09:47:11|BAND          |        122|               15|       -0.86|              0.20|        -2.00|               0.05|          73|                 8|
|      03003|GRB 940529|14 19.4|+58 56|1994-05-29 21:18:56|SBPL          |           |                 |       -1.29|              0.02|        -1.93|               0.05|         231|                19|
|      05621|GRB 961001|02 51.2|+59 02|1996-10-01 20:53:05|BAND          |        213|               13|       -0.90|              0.07|        -2.06|               0.04|         125|                 8|
|      07986|GRB 000207|19 18.8|+59 15|2000-02-07 23:56:22|SBPL          |        200|               26|       -0.86|              0.06|        -3.58|               0.33|         224|                24|
|      06350|GRB 970828|17 56.9|+59 25|1997-08-28 17:44:36|BAND          |        325|               10|       -0.70|              0.03|        -2.26|               0.06|         207|                10|
|      06390|GRB 970919|19 54.2|+59 34|1997-09-19 22:10:16|SBPL          |           |                 |       -0.68|              0.06|        -1.31|               0.07|         330|                68|
|      04039|GRB 951219|16 03.2|+60 31|1995-12-19 16:51:19|COMP          |       1316|              119|       -1.12|              0.02|             |                   |            |                  |
|      06124|GRB 970315|00 08.6|+60 43|1997-03-15 15:40:54|BAND          |        402|                7|       -0.89|              0.01|        -2.70|               0.09|         340|                17|
|      02611|GRB 931031|21 40.4|+62 44|1993-10-31 04:06:35|SBPL          |        511|               73|       -1.21|              0.02|        -2.83|               0.20|         519|                59|
|      02855|GRB 940301|06 54.0|+64 21|1994-03-01 20:10:37|SBPL          |        360|               19|       -0.61|              0.03|        -2.43|               0.05|         241|                 9|
|      02617|GRB 931103|05 51.5|+65 03|1993-11-03 16:25:42|BAND          |        458|               19|       -0.88|              0.03|        -2.62|               0.17|         369|                38|
|      01468|GRB 920308|05 37.8|+65 15|1992-03-08 04:55:45|COMP          |        811|               54|       -0.55|              0.05|             |                   |            |                  |
|      02533|GRB 930916|18 42.8|+65 23|1993-09-16 20:19:23|BAND          |        413|                8|       -0.87|              0.01|        -2.32|               0.04|         278|                 9|
|      05585|GRB 960824|23 25.0|+65 40|1996-08-24 01:41:50|PWRL          |           |                 |       -1.83|              0.15|             |                   |            |                  |
|      02679|GRB 931205|01 02.2|+66 29|1993-12-05 14:59:51|SBPL          |        792|              212|       -0.54|              0.05|        -2.13|               0.24|         599|                94|
|      05299|GRB 960321|00 30.2|+67 03|1996-03-21 21:11:20|SBPL          |        142|                4|       -1.93|              0.01|        -2.89|               0.05|         189|                 5|
|      08069|GRB 000408|09 14.0|+67 13|2000-04-08 02:35:48|SBPL          |        221|               21|       -1.34|              0.02|        -3.11|               0.13|         280|                22|
|      05563|GRB 960804|14 34.7|+68 12|1996-08-04 23:28:55|BAND          |        171|                9|       -1.00|              0.07|        -2.36|               0.08|         129|                 9|
|      01733|GRB 920801|10 31.4|+68 54|1992-08-01 01:16:40|SBPL          |           |                 |       -1.23|              0.03|        -1.91|               0.10|         260|                37|
|      07766|GRB 990915|06 28.4|+71 52|1999-09-15 23:15:22|SBPL          |           |                 |       -0.83|              0.02|        -1.87|               0.16|         591|               104|
|      08005|GRB 000301|00 14.8|+72 41|2000-03-01 02:33:54|BAND          |        428|               52|       -0.67|              0.08|        -2.14|               0.20|         249|                43|
|      01695|GRB 920711|18 26.2|+73 23|1992-07-11 16:09:00|BAND          |        421|               15|       -0.73|              0.03|        -2.38|               0.08|         286|                17|
|      05489|GRB 960607|03 13.7|+75 06|1996-06-07 21:41:15|SBPL          |        219|               19|       -1.31|              0.02|        -2.34|               0.08|         186|                13|
|      03042|GRB 940623|07 13.5|+75 47|1994-06-23 18:46:23|BAND          |        250|               11|       -1.07|              0.03|        -2.47|               0.13|         200|                20|
|      01652|GRB 920617|02 30.6|+77 31|1992-06-17 05:26:51|BAND          |        129|                6|       -1.13|              0.09|        -2.73|               0.22|         131|                18|
|      07994|GRB 000221|08 23.0|+77 42|2000-02-21 23:39:10|SBPL          |        254|               16|       -0.60|              0.03|        -3.22|               0.13|         242|                12|
|      06526|GRB 971208|23 45.8|+77 56|1997-12-08 07:48:12|COMP          |        128|               17|       -1.22|              0.29|             |                   |            |                  |
|      06576|GRB 980124|18 08.9|+80 18|1998-01-24 06:34:33|BAND          |        602|               56|       -1.28|              0.03|        -2.31|               0.22|         444|               100|
|      02812|GRB 940210|10 09.2|+82 08|1994-02-10 19:13:16|BAND          |        242|                8|       -1.10|              0.03|        -3.03|               0.35|         273|                49|
|      01982|GRB 921008|17 10.4|+87 11|1992-10-08 21:07:37|SBPL          |           |                 |       -0.88|              0.08|        -1.95|               0.09|         147|                15|
