# Redshift bin | Number
0.00000000000000  3.00000000000000
0.500000000000000 3.00000000000000
0.500000000000000 7.00000000000000
1.00000000000000  7.00000000000000
1.00000000000000  3.00000000000000
1.50000000000000  3.00000000000000
1.50000000000000  3.00000000000000
2.00000000000000  3.00000000000000
2.00000000000000  4.00000000000000
2.50000000000000  4.00000000000000
2.50000000000000  5.00000000000000
3.00000000000000  5.00000000000000
3.00000000000000  7.00000000000000
3.50000000000000  7.00000000000000
3.50000000000000  4.00000000000000
4.00000000000000  4.00000000000000
4.00000000000000  3.00000000000000
5.00000000000000  3.00000000000000
5.00000000000000  3.00000000000000
6.32000000000000  3.00000000000000
