#Results from heasarc_rhessigrb: RHESSI Gamma-Ray Burst Catalog
#Coordinate system:  Equatorial
%|name       |t90     |t90_error|time_resolution|hardness_ratio|hardness_ratio_error|
|GRB 020214 |1.42e+01| 3.00e-01|        2.0e-01|      6.03e-01|            1.60e-02|
|GRB 020218 |3.40e+01| 6.00e-01|        5.0e-01|     -1.12e-01|            1.10e-02|
|GRB 020302 |4.88e+01| 3.20e+00|        8.0e-01|      1.65e-01|            5.30e-02|
|GRB 020306 |1.35e-01| 1.60e-02|        1.5e-02|      4.16e-01|            4.00e-02|
|GRB 020311 |1.08e+01| 6.00e-01|        3.0e-01|      6.55e-02|            3.88e-02|
|GRB 020313 |2.32e+01| 1.00e+00|        4.0e-01|     -5.17e-01|            5.00e-02|
|GRB 020315 |1.26e+01| 1.10e+00|        3.0e-01|      2.97e-02|            6.94e-02|
|GRB 020331 |3.90e+01| 5.30e+00|        5.0e-01|     -4.60e-02|            1.05e-01|
|GRB 020407 |2.10e+01| 9.00e-01|        6.0e-01|     -1.72e-02|            2.76e-02|
|GRB 020409 |1.46e+02| 1.40e+01|        1.0e+00|      8.84e-02|            7.37e-02|
|GRB 020413 |9.00e+00| 6.40e-01|        2.0e-01|     -2.89e-02|            5.57e-02|
|GRB 020417 |7.85e+01| 5.20e+00|        5.0e-01|     -1.62e-01|            5.80e-02|
|GRB 020418 |3.40e+00| 1.30e-01|        1.0e-01|      1.81e-01|            2.00e-02|
|GRB 020426 |1.20e-01| 3.20e-02|        3.0e-02|      7.40e-02|            7.13e-02|
|GRB 020430 |1.35e+01| 5.00e-01|        3.0e-01|     -2.73e-01|            3.20e-02|
|GRB 020509 |3.50e+00| 3.80e-01|        5.0e-02|      8.32e-02|            8.52e-02|
|GRB 020524 |1.48e+01| 8.00e-01|        2.0e-01|      7.46e-02|            4.26e-02|
|GRB 020525A|7.60e+00| 6.10e-01|        1.0e-01|      1.10e-01|            6.50e-02|
|GRB 020525B|1.80e-01| 2.90e-02|        2.0e-02|      2.78e-01|            9.60e-02|
|GRB 020527 |1.65e+00| 1.80e-01|        5.0e-02|      1.94e-01|            8.80e-02|
|GRB 020602 |1.75e+00| 1.90e-01|        7.0e-02|     -2.49e-01|            9.10e-02|
|GRB 020603 |1.44e+00| 6.00e-02|        3.0e-02|     -7.00e-04|            3.08e-02|
|GRB 020604 |7.20e+00| 4.10e-01|        3.0e-01|     -1.37e-02|            3.19e-02|
|GRB 020620 |3.45e+00| 2.20e-01|        5.0e-02|     -2.63e-01|            5.60e-02|
|GRB 020623 |6.60e+00| 4.60e-01|        1.0e-01|     -2.84e-01|            6.60e-02|
|GRB 020630 |3.30e+01| 2.60e+00|        3.0e-01|     -1.48e-01|            6.60e-02|
|GRB 020702 |3.69e+01| 2.40e+00|        3.0e-01|     -3.85e-01|            7.10e-02|
|GRB 020708 |2.70e+01| 4.00e+00|        1.0e+00|     -3.00e-01|            1.29e-01|
|GRB 020712 |1.80e+01| 2.00e+00|        2.0e-01|     -1.51e-01|            9.30e-02|
|GRB 020715A|2.40e-01| 4.00e-02|        3.0e-02|      1.92e-01|            8.80e-02|
|GRB 020715B|6.40e+00| 2.10e-01|        2.0e-01|      1.05e-01|            1.00e-02|
|GRB 020725 |5.00e+00| 3.10e-01|        1.0e-01|      2.37e-01|            5.10e-02|
|GRB 020801 |1.43e+01| 9.00e-01|        1.0e-01|     -8.54e-02|            5.30e-02|
|GRB 020819A|1.05e+00| 8.00e-02|        3.0e-02|      1.85e-01|            6.00e-02|
|GRB 020819B|9.20e+00| 7.50e-01|        4.0e-01|     -2.13e-01|            6.40e-02|
|GRB 020828 |6.60e-01| 4.50e-02|        3.0e-02|      3.41e-01|            4.80e-02|
|GRB 020910 |2.85e+01| 1.00e+00|        3.0e-01|      1.33e-01|            2.90e-02|
|GRB 020914 |1.08e+01| 9.00e-01|        2.0e-01|     -2.54e-01|            7.30e-02|
|GRB 020926 |2.24e+01| 1.50e+00|        8.0e-01|     -2.05e-01|            5.30e-02|
|GRB 021008A|1.45e+01| 1.00e-01|        1.0e-01|      1.34e-01|            3.00e-03|
|GRB 021008B|1.42e+01| 1.20e+00|        2.0e-01|      9.00e-04|            6.92e-02|
|GRB 021011 |5.10e+01| 3.20e+00|        5.0e-01|     -2.94e-01|            6.10e-02|
|GRB 021016 |8.30e+01| 5.40e+00|        1.0e+00|     -1.54e-01|            5.50e-02|
|GRB 021020 |1.44e+01| 4.00e-01|        3.0e-01|     -6.40e-03|            1.86e-02|
|GRB 021023 |1.36e+01| 5.00e-01|        2.0e-01|     -6.00e-03|            2.85e-02|
|GRB 021025 |1.86e+01| 2.20e+00|        3.0e-01|     -1.22e-01|            9.50e-02|
|GRB 021102 |1.08e+01| 5.00e-01|        3.0e-01|     -4.04e-01|            4.10e-02|
|GRB 021105 |6.40e+00| 8.00e-01|        1.0e-01|     -9.92e-02|            9.89e-02|
|GRB 021108 |2.20e+01| 1.70e+00|        4.0e-01|     -5.99e-01|            1.07e-01|
|GRB 021109 |1.96e+01| 1.30e+00|        4.0e-01|     -2.87e-02|            5.23e-02|
|GRB 021113 |3.98e+01| 4.80e+00|        2.5e-01|     -2.82e-01|            1.08e-01|
|GRB 021115 |1.26e+01| 1.50e+00|        3.0e-01|     -4.79e-01|            1.31e-01|
|GRB 021119 |2.82e+01| 8.00e-01|        2.0e-01|     -1.83e-01|            2.60e-02|
|GRB 021125 |6.75e+01| 1.20e+00|        5.0e-01|     -3.57e-01|            1.80e-02|
|GRB 021201 |3.40e-01| 1.60e-02|        1.0e-02|      4.03e-01|            3.60e-02|
|GRB 021205 |7.65e+01| 3.30e+00|        1.5e+00|     -2.23e-01|            3.60e-02|
|GRB 021206 |4.92e+00| 2.00e-02|        2.0e-02|      2.26e-02|            2.20e-03|
|GRB 021211 |4.32e+00| 3.20e-01|        8.0e-02|     -2.79e-01|            6.80e-02|
|GRB 021214 |3.00e+01| 2.80e+00|        1.0e+00|     -2.07e-01|            7.70e-02|
|GRB 021223 |8.00e+00| 6.40e-01|        1.0e-01|     -2.92e-01|            7.70e-02|
|GRB 021226 |3.50e-01| 5.30e-02|        5.0e-02|      3.34e-01|            4.30e-02|
|GRB 030102 |1.32e+01| 9.00e-01|        3.0e-01|     -1.65e-01|            5.60e-02|
|GRB 030103 |1.00e+01| 1.20e+00|        5.0e-01|     -3.93e-01|            1.14e-01|
|GRB 030105 |1.23e+00| 6.00e-02|        3.0e-02|      3.77e-01|            4.00e-02|
|GRB 030110 |9.00e-02| 3.14e-02|        3.0e-02|     -2.04e-01|            8.80e-02|
|GRB 030115A|7.95e+01| 1.40e+00|        5.0e-01|      3.54e-02|            1.40e-02|
|GRB 030115B|2.70e+01| 1.00e+00|        2.0e-01|     -2.83e-01|            3.60e-02|
|GRB 030127 |3.80e+01| 4.00e+00|        5.0e-01|      2.34e-02|            8.30e-02|
|GRB 030204 |5.60e+01| 1.30e+00|        1.0e+00|      1.39e-02|            1.34e-02|
|GRB 030206 |1.40e-01| 2.40e-02|        2.0e-02|      2.62e-01|            8.30e-02|
|GRB 030212 |2.31e+01| 2.60e+00|        3.0e-01|     -2.25e-01|            9.70e-02|
|GRB 030214 |1.83e+01| 1.00e+00|        1.5e-01|     -2.07e-01|            4.90e-02|
|GRB 030216 |9.30e+00| 1.40e+00|        3.0e-01|     -1.20e-01|            1.16e-01|
|GRB 030217 |5.40e+01| 8.00e-01|        8.0e-02|      4.46e-02|            1.28e-02|
|GRB 030222 |1.44e+01| 1.80e+00|        3.0e-01|     -2.01e-01|            1.02e-01|
|GRB 030223 |2.05e+01| 1.10e+00|        5.0e-01|      2.50e-01|            4.20e-02|
|GRB 030225 |2.00e+01| 1.10e+00|        5.0e-01|     -9.23e-02|            4.20e-02|
|GRB 030227 |7.10e+01| 1.03e+01|        5.0e-01|      6.80e-02|            1.11e-01|
|GRB 030228 |2.80e+01| 1.80e+00|        5.0e-01|     -3.96e-02|            4.98e-02|
|GRB 030301 |4.30e+01| 3.50e+00|        1.0e+00|     -3.73e-01|            8.50e-02|
|GRB 030306 |1.26e+01| 4.00e-01|        3.0e-01|     -1.16e-01|            2.20e-02|
|GRB 030307 |3.80e+00| 1.10e-01|        1.0e-01|     -1.34e-01|            1.30e-02|
|GRB 030320A|4.86e+01| 1.50e+00|        3.0e-01|     -6.10e-02|            2.51e-02|
|GRB 030320B|1.56e+02| 6.00e+00|        3.0e+00|     -6.38e-02|            2.83e-02|
|GRB 030326 |1.26e+01| 6.00e-01|        3.0e-01|     -2.01e-01|            3.40e-02|
|GRB 030328 |6.55e+01| 2.60e+00|        5.0e-01|     -4.09e-02|            3.25e-02|
|GRB 030329A|1.74e+01| 3.00e-01|        3.0e-01|     -2.60e-01|            6.00e-03|
|GRB 030329B|6.10e+01| 2.90e+00|        1.0e+00|     -1.50e-01|            3.90e-02|
|GRB 030331 |2.38e+01| 1.10e+00|        2.0e-01|     -3.34e-01|            4.70e-02|
|GRB 030406 |7.02e+01| 1.30e+00|        3.0e-01|     -3.30e-02|            1.54e-02|
|GRB 030410 |1.60e+00| 1.60e-01|        5.0e-02|      4.10e-01|            1.01e-01|
|GRB 030413 |2.04e+01| 9.00e-01|        3.0e-01|      1.48e-01|            3.50e-02|
|GRB 030414 |2.85e+01| 8.00e-01|        5.0e-01|     -3.66e-02|            1.80e-02|
|GRB 030419 |3.78e+01| 6.00e-01|        2.0e-01|     -2.81e-01|            1.40e-02|
|GRB 030421 |1.27e+01| 4.00e-01|        1.0e-01|      8.23e-02|            2.40e-02|
|GRB 030422 |1.47e+01| 1.10e+00|        3.0e-01|     -3.83e-02|            6.08e-02|
|GRB 030428 |9.60e+00| 2.60e-01|        2.0e-01|      5.70e-02|            1.42e-02|
|GRB 030501A|7.40e+00| 4.90e-01|        2.0e-01|     -2.21e-01|            5.50e-02|
|GRB 030501B|1.17e+01| 1.60e+00|        3.0e-01|     -4.00e-01|            1.43e-01|
|GRB 030501C|1.24e+00| 1.20e-01|        4.0e-02|      2.21e-01|            7.40e-02|
|GRB 030505A|8.82e+01| 4.30e+00|        6.0e-01|      3.77e-02|            3.96e-02|
|GRB 030505B|1.07e+02| 6.00e+00|        1.5e+00|     -6.53e-02|            4.77e-02|
|GRB 030506 |2.31e+01| 7.00e-01|        3.0e-01|     -9.31e-02|            2.34e-02|
|GRB 030518A|2.52e+01| 2.00e-01|        1.0e-01|      4.79e-01|            7.00e-03|
|GRB 030518B|1.74e+01| 1.20e+00|        3.0e-01|      3.98e-01|            5.40e-02|
|GRB 030519A|3.20e+00| 3.90e-01|        2.0e-01|      6.78e-01|            1.13e-01|
|GRB 030519B|9.00e+00| 2.10e-01|        2.0e-01|     -1.81e-02|            4.70e-03|
|GRB 030523 |1.20e-01| 2.60e-02|        2.0e-02|      2.20e-02|            1.04e-01|
|GRB 030528 |2.15e+01| 1.70e+00|        5.0e-01|     -2.26e-01|            6.90e-02|
|GRB 030601 |1.83e+01| 8.00e-01|        3.0e-01|      7.59e-02|            3.59e-02|
|GRB 030614 |1.68e+02| 5.00e+00|        3.0e+00|     -2.19e-01|            2.10e-02|
|GRB 030626 |3.85e+01| 1.00e+00|        7.0e-01|      2.46e-01|            1.80e-02|
|GRB 030703 |5.68e+01| 7.40e+00|        8.0e-01|     -8.40e-02|            1.03e-01|
|GRB 030706 |4.50e+00| 4.50e-01|        3.0e-01|      1.36e-01|            6.20e-02|
|GRB 030710 |1.77e+01| 7.00e-01|        3.0e-01|     -7.49e-01|            7.10e-02|
|GRB 030714 |1.02e+01| 8.00e-01|        2.0e-01|     -2.73e-01|            7.30e-02|
|GRB 030716 |5.35e+01| 4.00e+00|        5.0e-01|     -3.16e-01|            7.50e-02|
|GRB 030721 |2.96e+01| 5.00e-01|        2.0e-01|      2.88e-01|            1.40e-02|
|GRB 030725 |1.84e+01| 7.00e-01|        4.0e-01|     -2.22e-01|            3.20e-02|
|GRB 030726A|2.75e+01| 6.00e-01|        5.0e-01|      1.56e-01|            1.10e-02|
|GRB 030726B|1.94e+02| 1.20e+01|        1.0e+00|     -2.91e-01|            6.30e-02|
|GRB 030728 |1.92e+01| 2.80e+00|        2.0e-01|      4.26e-01|            1.50e-01|
|GRB 030824 |3.00e+01| 2.00e+00|        3.0e-01|     -6.11e-01|            9.50e-02|
|GRB 030827 |1.85e+00| 8.00e-02|        5.0e-02|      7.30e-02|            2.77e-02|
|GRB 030830 |2.05e+01| 9.00e-01|        5.0e-01|     -1.27e-01|            3.40e-02|
|GRB 030831 |2.31e+01| 9.00e-01|        3.0e-01|     -1.04e-01|            3.30e-02|
|GRB 030919 |2.00e+01| 1.40e+00|        5.0e-01|     -2.05e-01|            5.90e-02|
|GRB 030921 |1.47e+01| 6.00e-01|        3.0e-01|      2.23e-02|            3.15e-02|
|GRB 030922A|2.28e+01| 8.00e-01|        3.0e-01|     -1.07e-01|            3.00e-02|
|GRB 030922B|1.08e+01| 3.00e-01|        2.0e-01|      4.63e-02|            1.41e-02|
|GRB 030926 |2.80e-01| 3.10e-02|        2.0e-02|      2.89e-01|            7.70e-02|
|GRB 031005 |1.60e+01| 1.80e+00|        5.0e-01|     -4.44e-01|            1.19e-01|
|GRB 031019 |7.50e+00| 7.10e-01|        1.5e-01|      2.48e-01|            7.90e-02|
|GRB 031024 |4.00e+00| 3.20e-01|        1.0e-01|      1.77e-01|            5.80e-02|
|GRB 031027 |3.90e+01| 7.00e-01|        5.0e-01|     -1.03e-01|            1.00e-02|
|GRB 031107 |1.92e+01| 6.00e-01|        4.0e-01|      1.02e-02|            2.13e-02|
|GRB 031108 |2.75e+01| 7.00e-01|        5.0e-01|      1.67e-01|            1.60e-02|
|GRB 031111 |3.20e+00| 8.00e-02|        8.0e-02|      1.50e-01|            8.00e-03|
|GRB 031118 |2.60e-01| 2.70e-02|        2.0e-02|      2.01e-01|            5.70e-02|
|GRB 031120 |9.75e+01| 3.00e+00|        1.5e+00|      4.24e-02|            2.27e-02|
|GRB 031127 |1.92e+01| 1.70e+00|        3.0e-01|     -2.88e-01|            8.30e-02|
|GRB 031130 |4.65e+00| 2.90e-01|        1.5e-01|      5.52e-02|            4.44e-02|
|GRB 031214 |8.30e+00| 1.01e+00|        1.0e-01|     -6.98e-02|            9.55e-02|
|GRB 031218 |2.20e-01| 2.40e-02|        2.0e-02|      1.46e-01|            5.10e-02|
|GRB 031219 |7.50e+00| 2.10e-01|        1.0e-01|     -1.21e-01|            2.10e-02|
|GRB 031226A|3.45e+01| 2.90e+00|        5.0e-01|     -4.63e-01|            1.03e-01|
|GRB 031226B|4.40e+01| 2.30e+00|        5.0e-01|     -5.74e-02|            4.22e-02|
|GRB 040102 |7.80e+00| 8.30e-01|        1.5e-01|     -4.43e-01|            1.15e-01|
|GRB 040108 |3.30e+01| 3.70e+00|        6.0e-01|     -2.64e-01|            1.03e-01|
|GRB 040113 |1.62e+01| 1.00e+00|        3.0e-01|     -4.60e-02|            5.01e-02|
|GRB 040115 |2.19e+01| 2.40e+00|        3.0e-01|     -2.40e-01|            9.40e-02|
|GRB 040125 |1.60e+01| 2.30e+00|        2.0e-01|     -1.67e-01|            1.16e-01|
|GRB 040205A|3.90e+00| 6.20e-01|        1.0e-01|     -2.06e-01|            1.29e-01|
|GRB 040205B|2.65e+01| 3.30e+00|        5.0e-01|      2.19e-01|            9.80e-02|
|GRB 040207 |2.44e+01| 6.00e-01|        4.0e-01|      1.07e-01|            1.70e-02|
|GRB 040211 |3.70e+00| 5.20e-01|        1.0e-01|     -2.61e-01|            1.25e-01|
|GRB 040215 |5.00e+01| 2.90e+00|        1.0e+00|     -3.57e-01|            5.70e-02|
|GRB 040220 |1.72e+01| 9.00e-01|        4.0e-01|      5.71e-01|            4.60e-02|
|GRB 040225A|1.05e+01| 1.10e+00|        3.0e-01|     -8.84e-02|            8.12e-02|
|GRB 040225B|1.40e+01| 1.60e+00|        4.0e-01|     -3.12e-01|            1.10e-01|
|GRB 040228 |2.73e+02| 2.00e+00|        2.0e-01|     -1.58e-01|            7.00e-03|
|GRB 040302A|2.37e+01| 2.70e+00|        3.0e-01|     -2.76e-01|            1.05e-01|
|GRB 040302B|1.08e+01| 2.00e-01|        2.0e-01|     -7.71e-02|            6.40e-03|
|GRB 040303 |2.97e+01| 2.70e+00|        3.0e-01|     -1.52e-01|            7.60e-02|
|GRB 040312 |1.60e-01| 2.20e-02|        2.0e-02|      2.13e-01|            4.80e-02|
|GRB 040316 |1.50e+01| 2.00e-01|        1.0e-01|     -4.87e-02|            1.30e-02|
|GRB 040323 |1.89e+01| 1.90e+00|        3.0e-01|     -2.92e-01|            9.40e-02|
|GRB 040324 |2.55e-01| 1.70e-02|        1.5e-02|      2.54e-01|            2.60e-02|
|GRB 040327 |2.00e+01| 3.20e+00|        1.0e+00|     -4.06e-01|            1.54e-01|
|GRB 040329 |2.07e+00| 4.00e-02|        3.0e-02|      3.06e-01|            1.20e-02|
|GRB 040330 |2.88e+01| 4.10e+00|        3.0e-01|      4.00e-03|            1.09e-01|
|GRB 040404 |4.90e+00| 3.50e-01|        1.0e-01|     -1.38e-01|            6.00e-02|
|GRB 040413 |2.80e-01| 3.10e-02|        2.0e-02|      1.21e-01|            6.80e-02|
|GRB 040414 |7.70e+01| 2.40e+00|        1.0e+00|     -1.63e-02|            2.36e-02|
|GRB 040421 |1.14e+01| 2.00e-01|        2.0e-01|      2.73e-01|            8.00e-03|
|GRB 040423 |4.20e+00| 5.30e-01|        3.0e-01|     -1.16e-01|            8.70e-02|
|GRB 040425 |8.10e+00| 1.90e-01|        5.0e-02|      1.08e-01|            2.00e-02|
|GRB 040427 |8.00e+00| 7.70e-01|        2.0e-01|     -4.55e-02|            7.43e-02|
|GRB 040429 |2.52e+01| 1.90e+00|        4.0e-01|      2.85e-02|            6.00e-02|
|GRB 040502A|1.86e+01| 4.00e-01|        2.0e-01|     -2.97e-01|            2.20e-02|
|GRB 040502B|1.66e+02| 7.00e+00|        1.0e+00|     -2.32e-01|            3.90e-02|
|GRB 040506 |6.56e+01| 4.20e+00|        8.0e-01|     -2.34e-01|            5.80e-02|
|GRB 040508 |4.05e+01| 5.60e+00|        5.0e-01|     -9.50e-02|            1.08e-01|
|GRB 040510 |6.00e+00| 5.70e-01|        2.0e-01|     -2.87e-01|            8.30e-02|
|GRB 040513 |5.30e+01| 8.30e+00|        1.0e+00|     -7.80e-02|            1.20e-01|
|GRB 040526 |1.29e+01| 1.90e+00|        3.0e-01|     -4.19e-01|            1.53e-01|
|GRB 040528 |2.16e+01| 7.00e-01|        3.0e-01|     -1.06e-01|            2.60e-02|
|GRB 040531 |4.20e+01| 3.30e+00|        5.0e-01|     -4.73e-01|            9.10e-02|
|GRB 040601 |2.73e+01| 2.90e+00|        2.5e-01|      5.10e-02|            8.45e-02|
|GRB 040603A|1.24e+01| 1.30e+00|        2.0e-01|     -1.42e-01|            8.40e-02|
|GRB 040603B|7.50e+01| 1.00e+01|        3.0e+00|     -5.04e-01|            1.49e-01|
|GRB 040605A|5.80e+00| 7.30e-01|        2.0e-01|      3.25e-01|            1.04e-01|
|GRB 040605B|1.80e-01| 2.20e-02|        2.0e-02|      2.33e-01|            4.80e-02|
|GRB 040605C|1.68e+01| 8.00e-01|        4.0e-01|     -4.30e-01|            5.00e-02|
|GRB 040611 |1.80e+01| 1.00e+00|        4.0e-01|      2.02e-01|            4.40e-02|
|GRB 040619 |7.70e+00| 2.70e-01|        1.0e-01|     -1.74e-01|            2.80e-02|
|GRB 040701 |9.60e+00| 6.90e-01|        3.0e-01|      9.16e-02|            5.34e-02|
|GRB 040719 |7.50e+00| 6.50e-01|        1.0e-01|     -1.77e-01|            7.30e-02|
|GRB 040723 |1.02e+01| 4.00e-01|        1.0e-01|     -1.51e-01|            2.70e-02|
|GRB 040731 |2.45e+01| 7.00e-01|        5.0e-01|      1.23e-01|            1.80e-02|
|GRB 040803 |1.14e+02| 1.10e+01|        1.5e+00|     -3.95e-01|            1.05e-01|
|GRB 040810 |1.92e+01| 5.00e-01|        3.0e-01|     -7.96e-02|            1.96e-02|
|GRB 040818 |8.00e+00| 3.30e-01|        1.0e-01|      4.57e-01|            4.20e-02|
|GRB 040822 |1.38e+00| 1.40e-01|        3.0e-02|      2.05e-01|            8.30e-02|
|GRB 040824 |4.90e+01| 5.00e+00|        1.0e+00|     -4.90e-02|            7.92e-02|
|GRB 040921 |2.80e-01| 7.30e-02|        7.0e-02|      1.88e-01|            6.40e-02|
|GRB 040925 |4.75e+01| 1.60e+00|        5.0e-01|      6.66e-02|            2.68e-02|
|GRB 040926 |7.60e+00| 2.20e-01|        2.0e-01|      1.93e-01|            1.10e-02|
|GRB 041003 |9.00e+00| 7.40e-01|        5.0e-01|     -1.16e-01|            5.20e-02|
|GRB 041006 |1.11e+01| 8.00e-01|        3.0e-01|     -4.71e-01|            8.00e-02|
|GRB 041007 |2.00e+00| 1.30e-01|        1.0e-01|      3.52e-01|            3.70e-02|
|GRB 041009 |7.50e+00| 7.60e-01|        3.0e-01|     -8.60e-02|            7.65e-02|
|GRB 041010 |2.50e-01| 2.20e-02|        1.0e-02|      1.58e-01|            6.40e-02|
|GRB 041012 |4.60e+01| 5.30e+00|        1.0e+00|     -3.90e-01|            1.16e-01|
|GRB 041013A|1.84e+02| 9.00e+00|        2.0e+00|      1.27e-02|            3.84e-02|
|GRB 041013B|3.60e-01| 4.60e-02|        3.0e-02|      6.92e-02|            7.69e-02|
|GRB 041015 |3.90e+00| 2.90e-01|        1.0e-01|     -1.82e-01|            6.00e-02|
|GRB 041016 |1.80e+01| 1.70e+00|        4.0e-01|     -1.90e-01|            8.20e-02|
|GRB 041018 |1.02e+02| 4.00e+00|        1.0e+00|     -3.19e-02|            3.19e-02|
|GRB 041101 |3.20e+00| 3.40e-01|        1.0e-01|      2.28e-01|            8.50e-02|
|GRB 041102 |2.70e+00| 2.20e-01|        1.0e-01|      1.69e-01|            6.00e-02|
|GRB 041107 |4.70e+01| 4.50e+00|        5.0e-01|     -6.04e-02|            7.68e-02|
|GRB 041116 |5.00e+01| 5.30e+00|        1.0e+00|     -3.38e-01|            1.06e-01|
|GRB 041117 |1.62e+01| 5.00e-01|        3.0e-01|     -1.81e-01|            2.40e-02|
|GRB 041120 |8.60e+00| 4.20e-01|        2.0e-01|     -3.20e-01|            4.40e-02|
|GRB 041125 |2.52e+01| 4.00e-01|        4.0e-01|     -2.34e-01|            6.00e-03|
|GRB 041202 |1.66e+01| 3.00e-01|        2.0e-01|      1.14e-01|            1.20e-02|
|GRB 041211A|2.06e+01| 5.00e-01|        1.0e-01|     -1.33e-01|            2.30e-02|
|GRB 041211B|2.00e+01| 9.00e-01|        4.0e-01|      8.20e-02|            3.24e-02|
|GRB 041211C|6.15e+00| 1.60e-01|        1.5e-01|      4.46e-01|            7.00e-03|
|GRB 041213 |1.40e-01| 2.40e-02|        2.0e-02|      3.19e-01|            8.20e-02|
|GRB 041218 |5.10e+01| 5.70e+00|        1.0e+00|     -2.22e-01|            9.80e-02|
|GRB 041219 |1.00e+01| 1.10e+00|        4.0e-01|     -1.32e-02|            7.84e-02|
|GRB 041223 |4.05e+01| 1.10e+00|        5.0e-01|      8.55e-02|            2.11e-02|
|GRB 041224 |3.85e+01| 5.80e+00|        5.0e-01|     -3.21e-01|            1.42e-01|
|GRB 041231 |1.00e+00| 1.20e-01|        1.0e-01|      3.20e-01|            5.60e-02|
|GRB 050124 |2.80e+00| 3.80e-01|        1.0e-01|     -2.24e-01|            1.12e-01|
|GRB 050126 |3.30e+01| 1.00e+00|        6.0e-01|     -1.71e-01|            2.20e-02|
|GRB 050203 |3.80e+00| 2.40e-01|        1.0e-01|     -8.50e-03|            4.62e-02|
|GRB 050213 |1.70e+01| 9.00e-01|        5.0e-01|      2.43e-01|            3.70e-02|
|GRB 050214 |4.00e+01| 6.60e+00|        1.0e+00|     -1.60e-02|            1.23e-01|
|GRB 050216 |5.00e-01| 7.20e-02|        5.0e-02|      5.66e-01|            1.00e-01|
|GRB 050219 |9.40e+00| 1.70e-01|        1.0e-01|     -3.01e-01|            1.50e-02|
|GRB 050311 |2.40e+00| 4.40e-01|        3.0e-01|     -1.44e-01|            1.09e-01|
|GRB 050312 |1.50e-01| 5.10e-02|        5.0e-02|      3.35e-01|            8.20e-02|
|GRB 050314 |8.00e+00| 3.50e-01|        2.0e-01|     -4.77e-01|            4.50e-02|
|GRB 050320 |1.54e+01| 1.30e+00|        2.0e-01|      5.51e-02|            6.52e-02|
|GRB 050321 |7.00e+00| 7.50e-01|        2.0e-01|     -8.21e-02|            8.41e-02|
|GRB 050326 |2.70e+01| 1.10e+00|        2.0e-01|     -2.54e-01|            3.60e-02|
|GRB 050328 |4.50e-01| 5.10e-02|        5.0e-02|     -1.02e-01|            2.00e-02|
|GRB 050404 |1.14e+01| 3.00e-01|        2.0e-01|      1.03e-01|            1.80e-02|
|GRB 050409 |1.26e+00| 5.00e-02|        2.0e-02|      3.05e-01|            3.00e-02|
|GRB 050411 |6.80e+00| 6.90e-01|        2.0e-01|     -1.18e-01|            8.00e-02|
|GRB 050412 |1.94e+01| 8.00e-01|        2.0e-01|     -5.03e-01|            5.10e-02|
|GRB 050429 |1.94e+01| 1.50e+00|        2.0e-01|      1.35e-01|            6.30e-02|
|GRB 050430 |1.42e+01| 1.70e+00|        2.0e-01|      2.00e-03|            9.23e-02|
|GRB 050501 |2.40e+00| 1.90e-01|        1.5e-01|      7.81e-02|            4.03e-02|
|GRB 050502 |1.60e+00| 2.00e-01|        5.0e-02|      1.61e-01|            9.70e-02|
|GRB 050509 |2.00e+01| 4.00e-01|        2.0e-01|     -6.35e-02|            1.57e-02|
|GRB 050516 |7.60e+00| 1.16e+00|        4.0e-01|      1.16e-01|            1.11e-01|
|GRB 050525A|7.40e+00| 1.90e-01|        1.0e-01|     -4.06e-01|            2.50e-02|
|GRB 050525B|1.26e+01| 3.00e-01|        2.0e-01|      6.42e-02|            1.15e-02|
|GRB 050528 |1.57e+02| 9.00e+00|        1.0e+00|     -4.77e-01|            6.90e-02|
|GRB 050530 |2.40e+00| 3.40e-01|        2.0e-01|      4.69e-01|            1.10e-01|
|GRB 050531 |3.32e+01| 5.00e-01|        2.0e-01|     -8.44e-02|            1.34e-02|
|GRB 050614 |3.10e+01| 4.50e+00|        1.0e+00|     -1.73e-01|            1.20e-01|
|GRB 050701 |1.00e+01| 8.00e-01|        1.0e-01|      2.54e-01|            6.90e-02|
|GRB 050702 |1.12e+00| 1.60e-01|        8.0e-02|      2.01e-01|            1.01e-01|
|GRB 050703 |8.65e+00| 4.40e-01|        5.0e-02|     -2.24e-01|            4.70e-02|
|GRB 050706 |6.15e+00| 4.20e-01|        1.5e-01|     -7.00e-04|            5.20e-02|
|GRB 050713A|1.86e+01| 7.00e-01|        3.0e-01|     -9.16e-02|            2.81e-02|
|GRB 050713B|6.05e+01| 3.90e+00|        5.0e-01|     -3.50e-03|            5.23e-02|
|GRB 050715 |1.14e+01| 3.00e-01|        1.0e-01|     -2.32e-01|            2.00e-02|
|GRB 050717 |9.60e+00| 3.20e-01|        2.0e-01|      2.36e-01|            2.30e-02|
|GRB 050726 |1.60e+01| 6.00e-01|        4.0e-01|     -5.78e-02|            2.30e-02|
|GRB 050729 |4.40e+00| 4.70e-01|        8.0e-02|     -8.49e-02|            8.47e-02|
|GRB 050802 |2.94e+01| 3.10e+00|        3.0e-01|     -1.76e-01|            9.00e-02|
|GRB 050805 |1.05e+00| 8.00e-02|        5.0e-02|      2.99e-01|            5.30e-02|
|GRB 050809 |2.40e+00| 1.40e-01|        8.0e-02|     -7.56e-02|            3.92e-02|
|GRB 050813 |8.00e+00| 8.70e-01|        2.0e-01|      3.68e-01|            9.90e-02|
|GRB 050814 |1.24e-01| 8.00e-03|        2.0e-03|      6.01e-01|            6.40e-02|
|GRB 050817 |2.12e+01| 2.00e+00|        2.0e-01|      3.69e-01|            8.60e-02|
|GRB 050820 |6.00e+00| 5.80e-01|        3.0e-01|     -3.57e-01|            8.70e-02|
|GRB 050824 |2.50e-01| 1.40e-02|        1.0e-02|      3.31e-01|            3.50e-02|
|GRB 050825 |8.00e-01| 4.40e-02|        2.0e-02|      1.62e-01|            4.20e-02|
|GRB 050902 |1.16e+01| 1.00e+00|        1.0e-01|     -5.97e-01|            1.18e-01|
|GRB 050923 |9.60e+00| 5.60e-01|        1.0e-01|      6.55e-02|            4.65e-02|
|GRB 051009 |8.50e+01| 5.20e+00|        5.0e-01|     -2.22e-01|            5.70e-02|
|GRB 051012 |2.55e+00| 8.00e-02|        5.0e-02|      1.14e-02|            1.98e-02|
|GRB 051021 |5.10e+01| 1.00e+00|        2.5e-01|     -2.26e-01|            1.70e-02|
|GRB 051031 |4.95e+01| 2.80e+00|        1.5e+00|      4.49e-02|            3.88e-02|
|GRB 051101 |1.10e+01| 1.40e+00|        1.5e-01|      9.19e-02|            9.99e-02|
|GRB 051103 |1.40e-01| 5.00e-03|        5.0e-03|      4.68e-01|            1.50e-02|
|GRB 051109 |2.55e+01| 1.60e+00|        5.0e-01|     -2.15e-01|            5.80e-02|
|GRB 051111 |2.38e+01| 1.50e+00|        2.0e-01|      1.10e-01|            5.30e-02|
|GRB 051117 |3.32e+01| 1.30e+00|        2.0e-01|      1.62e-01|            3.40e-02|
|GRB 051119 |3.78e+01| 3.10e+00|        2.0e-01|     -1.74e-01|            7.30e-02|
|GRB 051124A|1.92e+01| 1.50e+00|        1.0e-01|      2.31e-01|            6.50e-02|
|GRB 051124B|3.68e+01| 1.90e+00|        2.0e-01|     -2.16e-01|            4.80e-02|
|GRB 051201A|2.25e+01| 2.90e+00|        1.5e+00|     -5.00e-03|            8.84e-02|
|GRB 051201B|1.84e+01| 1.30e+00|        1.0e-01|      1.29e-01|            5.90e-02|
|GRB 051207 |5.73e+01| 1.70e+00|        3.0e-01|     -1.75e-01|            2.70e-02|
|GRB 051211 |2.94e+01| 9.00e-01|        7.0e-01|      1.24e-01|            1.70e-02|
|GRB 051217 |1.80e+01| 2.70e+00|        3.0e-01|     -2.80e-02|            1.14e-01|
|GRB 051220 |1.29e+01| 1.00e-01|        5.0e-02|      2.15e-01|            4.00e-03|
|GRB 051220 |2.80e+01| 4.60e+00|        5.0e-01|     -5.31e-01|            2.02e-01|
|GRB 051221 |2.80e-01| 1.70e-02|        1.0e-02|      1.65e-01|            4.10e-02|
|GRB 051222 |2.44e+01| 4.00e+00|        4.0e-01|     -1.73e-01|            1.35e-01|
|GRB 060101 |1.96e+01| 9.00e-01|        4.0e-01|      6.61e-02|            3.35e-02|
|GRB 060110 |1.20e+01| 1.60e+00|        2.0e-01|      1.03e-01|            1.00e-01|
|GRB 060111 |6.90e+01| 2.50e+00|        1.5e+00|      1.61e-01|            2.40e-02|
|GRB 060117 |1.59e+01| 1.00e+00|        3.0e-01|     -3.13e-01|            6.30e-02|
|GRB 060121A|4.40e+01| 6.30e+00|        1.0e+00|      1.70e-02|            1.08e-01|
|GRB 060121B|2.38e+00| 1.20e-01|        7.0e-02|     -1.05e-01|            3.60e-02|
|GRB 060123 |1.10e+01| 3.00e-01|        2.0e-01|     -1.31e-01|            1.70e-02|
|GRB 060124 |1.76e+01| 1.30e+00|        4.0e-01|      4.99e-02|            5.58e-02|
|GRB 060130 |1.52e+01| 8.00e-01|        2.0e-01|      2.98e-02|            4.17e-02|
|GRB 060203 |5.40e-01| 4.50e-02|        1.0e-02|      1.43e-01|            6.60e-02|
|GRB 060217 |1.91e+01| 8.00e-01|        1.5e-01|     -7.34e-02|            3.62e-02|
|GRB 060224 |1.00e+01| 6.00e-01|        2.0e-01|     -8.14e-02|            4.54e-02|
|GRB 060228 |3.27e+01| 2.10e+00|        3.0e-01|     -3.88e-02|            5.28e-02|
|GRB 060303 |5.00e-01| 5.30e-02|        5.0e-02|      2.56e-01|            2.90e-02|
|GRB 060306 |9.20e-01| 1.10e-02|        1.0e-02|     -1.07e-01|            4.00e-03|
|GRB 060309 |2.95e+01| 3.00e+00|        5.0e-01|      1.32e-01|            8.10e-02|
|GRB 060312A|2.40e-01| 4.70e-02|        3.0e-02|      2.48e-01|            1.16e-01|
|GRB 060312B|6.80e+00| 1.18e+00|        4.0e-01|     -2.32e-01|            1.40e-01|
|GRB 060313 |3.60e+00| 5.10e-01|        2.0e-01|      1.52e-01|            1.03e-01|
|GRB 060323 |1.76e+01| 4.00e-01|        2.0e-01|      3.37e-02|            1.52e-02|
|GRB 060325 |1.08e+01| 2.00e-01|        1.0e-01|      7.00e-03|            1.11e-02|
|GRB 060401 |6.30e+00| 1.70e-01|        1.0e-01|      9.21e-02|            1.86e-02|
|GRB 060408 |6.90e+00| 9.50e-01|        3.0e-01|     -6.00e-03|            1.01e-01|
|GRB 060415 |1.32e+01| 2.00e+00|        3.0e-01|      1.80e-01|            1.14e-01|
|GRB 060418 |4.08e+01| 2.10e+00|        4.0e-01|     -1.23e-01|            4.30e-02|
|GRB 060421A|3.12e+01| 1.10e+00|        4.0e-01|     -8.58e-02|            2.76e-02|
|GRB 060421B|2.16e+01| 1.90e+00|        4.0e-01|     -1.39e-01|            7.40e-02|
|GRB 060425 |1.40e-01| 1.20e-02|        1.0e-02|      2.59e-01|            4.20e-02|
|GRB 060428 |1.35e+01| 2.30e+00|        5.0e-01|     -2.45e-01|            1.44e-01|
|GRB 060429 |2.00e-01| 2.10e-02|        2.0e-02|      2.89e-01|            3.30e-02|
|GRB 060505 |9.60e+00| 4.60e-01|        3.0e-01|      2.15e-01|            3.00e-02|
|GRB 060528 |7.70e+01| 2.00e+00|        5.0e-01|      2.41e-01|            2.10e-02|
|GRB 060530 |4.00e+00| 3.50e-01|        2.0e-01|     -1.16e-01|            6.30e-02|
|GRB 060610 |6.00e-01| 3.30e-02|        2.0e-02|      2.48e-01|            3.80e-02|
|GRB 060614 |5.25e+01| 4.50e+00|        1.5e+00|     -1.78e-01|            7.20e-02|
|GRB 060622 |2.35e+01| 9.00e-01|        5.0e-01|      1.12e-01|            2.70e-02|
|GRB 060624 |2.55e+00| 7.00e-02|        3.0e-02|     -4.55e-01|            2.90e-02|
|GRB 060625 |4.40e+00| 3.70e-01|        2.0e-01|      2.21e-01|            5.80e-02|
|GRB 060630 |4.10e+01| 1.90e+00|        5.0e-01|     -9.96e-02|            4.00e-02|
|GRB 060708 |1.14e-01| 8.00e-03|        6.0e-03|      1.57e-01|            3.60e-02|
|GRB 060729 |5.20e+00| 5.30e-01|        2.0e-01|     -1.16e-01|            7.90e-02|
|GRB 060805 |5.10e+00| 7.00e-02|        6.0e-02|      6.98e-02|            6.90e-03|
|GRB 060811 |7.29e+01| 2.70e+00|        3.0e-01|     -1.96e-01|            3.50e-02|
|GRB 060819 |2.40e+01| 1.10e+00|        6.0e-01|      8.40e-03|            3.26e-02|
|GRB 060823 |1.00e+00| 1.80e-01|        1.0e-01|      3.23e-01|            1.26e-01|
|GRB 060919 |2.95e+01| 3.70e+00|        5.0e-01|      1.20e-01|            9.50e-02|
|GRB 060920 |2.18e+01| 3.00e-01|        2.0e-01|      3.59e-02|            1.01e-02|
|GRB 060925 |1.65e+01| 8.00e-01|        2.5e-01|     -1.00e-01|            3.80e-02|
|GRB 060928 |2.03e+02| 3.00e+00|        3.0e-01|     -1.28e-02|            1.19e-02|
|GRB 061005 |4.24e+01| 1.20e+00|        4.0e-01|     -2.05e-01|            2.50e-02|
|GRB 061006A|1.65e+00| 1.00e-01|        5.0e-02|      1.53e-01|            4.30e-02|
|GRB 061006B|4.00e-01| 5.30e-02|        5.0e-02|      3.23e-01|            3.90e-02|
|GRB 061007 |6.06e+01| 7.00e-01|        3.0e-01|      1.20e-01|            8.00e-03|
|GRB 061012 |9.30e+00| 4.80e-01|        1.0e-01|      2.56e-01|            4.40e-02|
|GRB 061013 |4.00e+01| 2.20e+00|        8.0e-01|     -1.54e-01|            4.50e-02|
|GRB 061014 |2.00e-01| 5.50e-02|        5.0e-02|      2.56e-01|            9.40e-02|
|GRB 061022 |2.19e+01| 2.90e+00|        3.0e-01|     -4.40e-02|            1.02e-01|
|GRB 061031 |3.30e+01| 1.20e+00|        2.0e-01|      7.92e-02|            3.06e-02|
|GRB 061101 |1.92e+01| 3.00e+00|        3.0e-01|     -2.41e-01|            1.40e-01|
|GRB 061108 |3.75e+01| 9.00e-01|        3.0e-01|     -8.68e-02|            1.90e-02|
|GRB 061113 |1.82e+01| 3.00e-01|        1.0e-01|      1.76e-01|            1.30e-02|
|GRB 061117 |2.15e+01| 2.70e+00|        5.0e-01|      9.86e-02|            9.49e-02|
|GRB 061121 |1.46e+01| 3.00e-01|        1.5e-01|      1.27e-01|            1.70e-02|
|GRB 061123 |5.70e+00| 3.20e-01|        1.0e-01|      1.23e-01|            4.30e-02|
|GRB 061126 |1.65e+01| 7.00e-01|        3.0e-01|      2.49e-01|            3.10e-02|
|GRB 061128 |3.00e-01| 3.10e-02|        3.0e-02|      3.50e-01|            2.70e-02|
|GRB 061205 |7.50e+00| 9.10e-01|        3.0e-01|     -1.22e-01|            9.60e-02|
|GRB 061212 |1.90e+01| 1.00e-01|        6.0e-02|      2.73e-01|            6.00e-03|
|GRB 061222 |1.16e+01| 5.00e-01|        2.0e-01|      1.44e-01|            3.10e-02|
|GRB 061229 |7.95e+01| 9.70e+00|        5.0e-01|      1.69e-01|            9.30e-02|
|GRB 061230 |2.56e+01| 1.90e+00|        8.0e-01|     -1.63e-01|            6.00e-02|
|GRB 070113 |2.70e-01| 4.80e-02|        3.0e-02|      1.65e-01|            1.04e-01|
|GRB 070116 |1.65e+01| 1.10e+00|        2.5e-01|      3.79e-02|            5.24e-02|
|GRB 070120 |1.85e+01| 2.70e+00|        5.0e-01|      1.94e-01|            1.07e-01|
|GRB 070121 |8.80e+00| 1.60e+00|        8.0e-01|      1.10e-02|            1.19e-01|
|GRB 070125 |5.67e+01| 8.00e-01|        3.0e-01|      5.03e-02|            1.12e-02|
|GRB 070214 |1.77e+01| 2.70e+00|        3.0e-01|      1.00e-01|            1.11e-01|
|GRB 070220 |2.14e+01| 1.10e+00|        2.0e-01|      4.86e-02|            4.03e-02|
|GRB 070221 |1.02e+01| 1.30e+00|        2.0e-01|     -2.28e-02|            9.64e-02|
|GRB 070307 |5.25e+01| 2.70e+00|        5.0e-01|     -5.80e-02|            4.35e-02|
|GRB 070402 |8.85e+00| 5.60e-01|        1.5e-01|      4.96e-02|            4.92e-02|
|GRB 070420 |6.16e+01| 3.60e+00|        8.0e-01|     -1.63e-01|            5.10e-02|
|GRB 070508 |1.31e+01| 4.00e-01|        1.0e-01|     -1.71e-02|            2.74e-02|
|GRB 070516 |3.50e-01| 5.60e-02|        5.0e-02|      5.01e-01|            7.30e-02|
|GRB 070531 |2.60e+01| 3.40e+00|        1.0e+00|     -1.08e-01|            1.03e-01|
|GRB 070614 |1.50e-01| 5.10e-02|        5.0e-02|      3.35e-01|            6.40e-02|
|GRB 070622 |1.38e+01| 3.00e-01|        1.0e-01|      1.23e-01|            1.80e-02|
|GRB 070626 |1.43e+02| 2.00e+00|        1.0e+00|      5.00e-02|            1.07e-02|
|GRB 070710 |3.90e+00| 5.80e-01|        3.0e-01|      9.40e-03|            9.91e-02|
|GRB 070717 |1.75e+01| 2.00e+00|        5.0e-01|      2.50e-01|            8.70e-02|
|GRB 070722 |7.20e+00| 9.60e-01|        2.0e-01|      1.02e-01|            9.90e-02|
|GRB 070724 |2.40e+01| 2.50e+00|        1.0e+00|     -2.08e-01|            8.90e-02|
|GRB 070802 |3.12e+00| 2.50e-01|        6.0e-02|      4.80e-01|            7.80e-02|
|GRB 070817 |8.80e+01| 7.10e+00|        5.0e-01|     -9.18e-02|            6.84e-02|
|GRB 070819 |3.30e+01| 2.60e+00|        5.0e-01|      3.83e-02|            6.10e-02|
|GRB 070821 |6.75e+01| 2.10e+00|        5.0e-01|      6.03e-02|            2.47e-02|
|GRB 070824 |1.30e+00| 7.00e-02|        5.0e-02|      1.01e-01|            2.90e-02|
|GRB 070825 |3.42e+01| 9.00e-01|        3.0e-01|      1.44e-01|            1.90e-02|
|GRB 070917 |2.31e+01| 2.40e+00|        3.0e-01|      3.20e-01|            8.50e-02|
|GRB 071013 |3.65e+00| 4.30e-01|        5.0e-02|      3.27e-02|            8.94e-02|
|GRB 071014 |7.80e+00| 3.70e-01|        1.0e-01|      4.13e-02|            3.71e-02|
|GRB 071030 |6.00e+00| 9.10e-01|        2.0e-01|      2.20e-01|            1.14e-01|
|GRB 071104 |1.47e+01| 1.30e+00|        1.5e-01|     -6.66e-02|            7.12e-02|
|GRB 071204 |3.00e-01| 5.60e-02|        5.0e-02|      3.46e-01|            7.20e-02|
|GRB 071217 |8.30e+00| 4.80e-01|        1.0e-01|     -9.40e-02|            4.89e-02|
|GRB 080114 |7.34e+01| 7.00e-01|        2.0e-01|      3.60e-01|            9.00e-03|
|GRB 080202 |3.06e+01| 3.90e+00|        3.0e-01|      1.50e-03|            9.87e-02|
|GRB 080204 |4.88e+00| 2.30e-01|        8.0e-02|      4.53e-01|            4.20e-02|
|GRB 080211 |2.80e+01| 8.00e-01|        5.0e-01|      2.79e-01|            1.90e-02|
|GRB 080218 |1.95e+01| 1.50e+00|        2.5e-01|      1.18e-01|            6.10e-02|
|GRB 080224 |5.40e+00| 2.90e-01|        1.0e-01|      2.22e-01|            4.10e-02|
|GRB 080318 |1.47e+01| 1.60e+00|        3.0e-01|      1.51e-01|            7.90e-02|
|GRB 080319 |1.20e+01| 6.00e-01|        2.0e-01|      3.29e-01|            4.20e-02|
|GRB 080320 |3.05e+01| 8.00e-01|        2.5e-01|      1.96e-01|            2.20e-02|
|GRB 080328 |8.60e+01| 6.20e+00|        1.0e+00|      3.03e-01|            5.80e-02|
|GRB 080330 |3.36e+01| 9.00e-01|        3.0e-01|      2.54e-01|            2.00e-02|
|GRB 080408 |1.40e+00| 1.10e-01|        1.0e-01|      5.29e-01|            3.70e-02|
|GRB 080413 |7.60e+00| 1.20e+00|        1.0e-01|      5.50e-02|            1.17e-01|
|GRB 080425 |2.28e+01| 3.20e+00|        1.5e-01|      2.58e-01|            1.05e-01|
