# beta, cdf
2.00168e+00 3.57143e-03
2.01066e+00 7.14286e-03
2.01957e+00 1.07143e-02
2.02537e+00 1.42857e-02
2.02687e+00 1.78571e-02
2.03217e+00 2.14286e-02
2.03816e+00 2.50000e-02
2.03915e+00 2.85714e-02
2.03990e+00 3.21429e-02
2.04459e+00 3.57143e-02
2.04838e+00 3.92857e-02
2.05461e+00 4.28571e-02
2.05622e+00 4.64286e-02
2.06487e+00 5.00000e-02
2.06501e+00 5.35714e-02
2.06821e+00 5.71429e-02
2.08244e+00 6.07143e-02
2.08491e+00 6.42857e-02
2.08914e+00 6.78571e-02
2.09143e+00 7.14286e-02
2.11670e+00 7.50000e-02
2.12157e+00 7.85714e-02
2.12342e+00 8.21429e-02
2.12397e+00 8.57143e-02
2.12716e+00 8.92857e-02
2.12765e+00 9.28571e-02
2.12831e+00 9.64286e-02
2.13056e+00 1.00000e-01
2.13198e+00 1.03571e-01
2.13240e+00 1.07143e-01
2.13546e+00 1.10714e-01
2.13752e+00 1.14286e-01
2.14021e+00 1.17857e-01
2.14142e+00 1.21429e-01
2.14997e+00 1.25000e-01
2.16476e+00 1.28571e-01
2.16674e+00 1.32143e-01
2.17167e+00 1.35714e-01
2.17368e+00 1.39286e-01
2.17602e+00 1.42857e-01
2.17617e+00 1.46429e-01
2.17631e+00 1.50000e-01
2.17664e+00 1.53571e-01
2.18247e+00 1.57143e-01
2.18287e+00 1.60714e-01
2.18559e+00 1.64286e-01
2.18647e+00 1.67857e-01
2.19460e+00 1.71429e-01
2.19830e+00 1.75000e-01
2.19912e+00 1.78571e-01
2.20936e+00 1.82143e-01
2.21532e+00 1.85714e-01
2.21903e+00 1.89286e-01
2.21977e+00 1.92857e-01
2.22493e+00 1.96429e-01
2.22632e+00 2.00000e-01
2.22669e+00 2.03571e-01
2.22859e+00 2.07143e-01
2.22998e+00 2.10714e-01
2.23744e+00 2.14286e-01
2.24220e+00 2.17857e-01
2.24473e+00 2.21429e-01
2.24718e+00 2.25000e-01
2.25314e+00 2.28571e-01
2.25539e+00 2.32143e-01
2.25587e+00 2.35714e-01
2.25672e+00 2.39286e-01
2.26285e+00 2.42857e-01
2.26388e+00 2.46429e-01
2.26969e+00 2.50000e-01
2.27042e+00 2.53571e-01
2.27148e+00 2.57143e-01
2.27331e+00 2.60714e-01
2.27888e+00 2.64286e-01
2.27964e+00 2.67857e-01
2.28292e+00 2.71429e-01
2.28823e+00 2.75000e-01
2.29193e+00 2.78571e-01
2.29506e+00 2.82143e-01
2.29742e+00 2.85714e-01
2.30085e+00 2.89286e-01
2.30418e+00 2.92857e-01
2.30947e+00 2.96429e-01
2.31065e+00 3.00000e-01
2.31316e+00 3.03571e-01
2.32527e+00 3.07143e-01
2.33238e+00 3.10714e-01
2.33601e+00 3.14286e-01
2.34034e+00 3.17857e-01
2.34127e+00 3.21429e-01
2.34306e+00 3.25000e-01
2.34711e+00 3.28571e-01
2.34728e+00 3.32143e-01
2.34934e+00 3.35714e-01
2.35362e+00 3.39286e-01
2.36479e+00 3.42857e-01
2.36908e+00 3.46429e-01
2.37174e+00 3.50000e-01
2.37424e+00 3.53571e-01
2.37445e+00 3.57143e-01
2.37770e+00 3.60714e-01
2.38386e+00 3.64286e-01
2.39363e+00 3.67857e-01
2.39408e+00 3.71429e-01
2.39847e+00 3.75000e-01
2.40146e+00 3.78571e-01
2.40293e+00 3.82143e-01
2.40603e+00 3.85714e-01
2.40798e+00 3.89286e-01
2.41024e+00 3.92857e-01
2.41085e+00 3.96429e-01
2.41181e+00 4.00000e-01
2.41193e+00 4.03571e-01
2.41203e+00 4.07143e-01
2.41776e+00 4.10714e-01
2.41847e+00 4.14286e-01
2.41889e+00 4.17857e-01
2.42102e+00 4.21429e-01
2.42682e+00 4.25000e-01
2.42775e+00 4.28571e-01
2.43507e+00 4.32143e-01
2.43719e+00 4.35714e-01
2.43768e+00 4.39286e-01
2.44093e+00 4.42857e-01
2.44380e+00 4.46429e-01
2.44955e+00 4.50000e-01
2.45812e+00 4.53571e-01
2.46597e+00 4.57143e-01
2.47395e+00 4.60714e-01
2.47618e+00 4.64286e-01
2.47726e+00 4.67857e-01
2.47794e+00 4.71429e-01
2.48011e+00 4.75000e-01
2.48391e+00 4.78571e-01
2.48954e+00 4.82143e-01
2.49261e+00 4.85714e-01
2.49343e+00 4.89286e-01
2.49481e+00 4.92857e-01
2.49724e+00 4.96429e-01
2.49859e+00 5.00000e-01
2.49886e+00 5.03571e-01
2.50134e+00 5.07143e-01
2.50262e+00 5.10714e-01
2.50491e+00 5.14286e-01
2.51198e+00 5.17857e-01
2.51653e+00 5.21429e-01
2.51697e+00 5.25000e-01
2.51747e+00 5.28571e-01
2.51869e+00 5.32143e-01
2.52105e+00 5.35714e-01
2.52376e+00 5.39286e-01
2.52623e+00 5.42857e-01
2.53156e+00 5.46429e-01
2.53257e+00 5.50000e-01
2.53480e+00 5.53571e-01
2.53990e+00 5.57143e-01
2.54075e+00 5.60714e-01
2.54148e+00 5.64286e-01
2.54153e+00 5.67857e-01
2.54189e+00 5.71429e-01
2.54227e+00 5.75000e-01
2.55793e+00 5.78571e-01
2.55949e+00 5.82143e-01
2.56181e+00 5.85714e-01
2.56266e+00 5.89286e-01
2.56445e+00 5.92857e-01
2.56481e+00 5.96429e-01
2.56588e+00 6.00000e-01
2.56979e+00 6.03571e-01
2.57185e+00 6.07143e-01
2.57529e+00 6.10714e-01
2.58006e+00 6.14286e-01
2.58261e+00 6.17857e-01
2.58614e+00 6.21429e-01
2.58783e+00 6.25000e-01
2.58927e+00 6.28571e-01
2.61339e+00 6.32143e-01
2.61577e+00 6.35714e-01
2.61837e+00 6.39286e-01
2.62085e+00 6.42857e-01
2.62545e+00 6.46429e-01
2.62547e+00 6.50000e-01
2.62655e+00 6.53571e-01
2.62872e+00 6.57143e-01
2.63311e+00 6.60714e-01
2.63554e+00 6.64286e-01
2.64170e+00 6.67857e-01
2.65714e+00 6.71429e-01
2.65807e+00 6.75000e-01
2.66658e+00 6.78571e-01
2.66720e+00 6.82143e-01
2.66895e+00 6.85714e-01
2.66983e+00 6.89286e-01
2.67188e+00 6.92857e-01
2.67226e+00 6.96429e-01
2.67943e+00 7.00000e-01
2.67945e+00 7.03571e-01
2.68131e+00 7.07143e-01
2.68191e+00 7.10714e-01
2.68355e+00 7.14286e-01
2.68360e+00 7.17857e-01
2.68576e+00 7.21429e-01
2.68808e+00 7.25000e-01
2.69187e+00 7.28571e-01
2.69554e+00 7.32143e-01
2.70450e+00 7.35714e-01
2.70604e+00 7.39286e-01
2.72136e+00 7.42857e-01
2.72586e+00 7.46429e-01
2.73049e+00 7.50000e-01
2.74616e+00 7.53571e-01
2.75087e+00 7.57143e-01
2.75317e+00 7.60714e-01
2.75504e+00 7.64286e-01
2.75909e+00 7.67857e-01
2.76532e+00 7.71429e-01
2.76592e+00 7.75000e-01
2.76851e+00 7.78571e-01
2.77923e+00 7.82143e-01
2.78338e+00 7.85714e-01
2.81742e+00 7.89286e-01
2.83515e+00 7.92857e-01
2.85924e+00 7.96429e-01
2.86500e+00 8.00000e-01
2.86688e+00 8.03571e-01
2.86829e+00 8.07143e-01
2.87255e+00 8.10714e-01
2.87337e+00 8.14286e-01
2.87621e+00 8.17857e-01
2.88288e+00 8.21429e-01
2.88796e+00 8.25000e-01
2.88948e+00 8.28571e-01
2.89037e+00 8.32143e-01
2.89143e+00 8.35714e-01
2.89394e+00 8.39286e-01
2.90923e+00 8.42857e-01
2.92251e+00 8.46429e-01
2.92770e+00 8.50000e-01
2.93881e+00 8.53571e-01
2.93920e+00 8.57143e-01
2.94305e+00 8.60714e-01
2.95971e+00 8.64286e-01
2.99635e+00 8.67857e-01
3.00385e+00 8.71429e-01
3.01190e+00 8.75000e-01
3.02477e+00 8.78571e-01
3.02616e+00 8.82143e-01
3.04286e+00 8.85714e-01
3.04431e+00 8.89286e-01
3.05370e+00 8.92857e-01
3.07715e+00 8.96429e-01
3.08373e+00 9.00000e-01
3.14171e+00 9.03571e-01
3.16661e+00 9.07143e-01
3.17019e+00 9.10714e-01
3.18291e+00 9.14286e-01
3.18979e+00 9.17857e-01
3.19759e+00 9.21429e-01
3.20905e+00 9.25000e-01
3.22180e+00 9.28571e-01
3.27110e+00 9.32143e-01
3.28154e+00 9.35714e-01
3.29399e+00 9.39286e-01
3.30386e+00 9.42857e-01
3.35769e+00 9.46429e-01
3.39893e+00 9.50000e-01
3.48955e+00 9.53571e-01
3.51147e+00 9.57143e-01
3.54627e+00 9.60714e-01
3.56203e+00 9.64286e-01
3.58776e+00 9.67857e-01
3.65843e+00 9.71429e-01
3.71297e+00 9.75000e-01
3.71434e+00 9.78571e-01
3.83883e+00 9.82143e-01
3.88595e+00 9.85714e-01
3.91616e+00 9.89286e-01
3.94984e+00 9.92857e-01
4.04757e+00 9.96429e-01
4.04809e+00 1.00000e+00
