   4.0000000000000000        101.36499999999999     
   4.2500000000000000        121.77549999999999     
   4.5000000000000000        161.51499999999999     
   4.7500000000000000        197.27150000000000     
   5.0000000000000000        227.22800000000001     
   5.2500000000000000        249.61449999999999     
   5.5000000000000000        270.09899999999999     
   5.7500000000000000        288.56100000000004     
   6.0000000000000000        299.15949999999998     
   6.2500000000000000        308.28049999999996     
   6.5000000000000000        317.94250000000000     
   6.7500000000000000        327.52949999999998     
   7.0000000000000000        336.28999999999996     
   7.2500000000000000        342.79349999999999     
   7.5000000000000000        348.10300000000001     
   7.7500000000000000        354.03149999999999     
   8.0000000000000000        359.39699999999999     
   8.2500000000000000        363.62299999999999     
   8.5000000000000000        366.92949999999996     
   8.7500000000000000        369.54300000000001     
   9.0000000000000000        373.75099999999998     
   9.2500000000000000        378.61199999999997     
   9.5000000000000000        381.79149999999998     
   9.7500000000000000        383.15099999999995     
   10.000000000000000        385.78899999999999     
   10.250000000000000        388.12850000000003     
   10.500000000000000        389.80000000000001     
   10.750000000000000        390.93200000000002     
   11.000000000000000        392.00900000000001     
   11.250000000000000        395.36900000000003     
   11.500000000000000        396.78049999999996     
   11.750000000000000        386.93799999999999     
   12.000000000000000        379.88200000000001     
   12.250000000000000        383.29849999999999     
   12.500000000000000        383.74300000000005     
   12.750000000000000        384.93600000000004     
   13.000000000000000        389.88599999999997     
   13.250000000000000        391.28200000000004     
   13.500000000000000        385.62350000000004     
   13.750000000000000        382.27549999999997     
   14.000000000000000        381.95799999999997     
   14.250000000000000        381.61500000000001     
   14.500000000000000        383.73649999999998     
   14.750000000000000        385.59799999999996     
   15.000000000000000        386.24149999999997     
   15.250000000000000        386.42800000000000     
   15.500000000000000        387.73649999999998     
   15.750000000000000        390.10500000000002     
   16.000000000000000        391.02300000000002     
   16.250000000000000        392.12000000000000     
   16.500000000000000        394.55500000000001     
   16.750000000000000        394.47749999999996     
   17.000000000000000        394.88149999999996     
   17.250000000000000        396.10599999999999     
   17.500000000000000        398.91149999999999     
   17.750000000000000        400.48800000000000     
   18.000000000000000        399.00250000000000     
   18.250000000000000        400.72050000000002     
   18.500000000000000        401.46749999999997     
   18.750000000000000        400.98300000000000     
   19.000000000000000        402.00549999999998     
   19.250000000000000        401.17649999999998     
   19.500000000000000        401.00049999999999     
   19.750000000000000        402.69799999999998     
   20.000000000000000        401.97350000000000     
   20.250000000000000        402.29499999999996     
   20.500000000000000        403.43949999999995     
   20.750000000000000        404.53300000000002     
   21.000000000000000        406.55349999999999     
   21.250000000000000        406.64049999999997     
   21.500000000000000        406.25649999999996     
   21.750000000000000        406.26049999999998     
   22.000000000000000        406.10750000000002     
   22.250000000000000        407.21100000000001     
   22.500000000000000        407.13000000000000     
   22.750000000000000        406.14400000000001     
   23.000000000000000        406.85249999999996     
   23.250000000000000        406.08299999999997     
   23.500000000000000        406.32700000000000     
   23.750000000000000        408.40850000000000     
   24.000000000000000        408.70150000000001     
   24.250000000000000        408.78100000000001     
   24.500000000000000        407.69950000000000     
   24.750000000000000        407.24599999999998     
   25.000000000000000        408.43500000000000     
   25.250000000000000        410.45500000000004     
   25.500000000000000        411.90700000000004     
   25.750000000000000        409.94299999999998     
   26.000000000000000        408.82549999999998     
   26.250000000000000        409.67300000000000     
   26.500000000000000        410.54600000000005     
   26.750000000000000        388.04550000000000     
   27.000000000000000        368.86649999999997     
   27.250000000000000        375.55450000000002     
   27.500000000000000        380.95150000000001     
   27.750000000000000        385.98000000000002     
   28.000000000000000        388.10899999999998     
   28.250000000000000        389.95949999999999     
   28.500000000000000        393.08600000000001     
   28.750000000000000        393.82350000000002     
   29.000000000000000        393.50850000000003     
   29.250000000000000        394.32850000000002     
   29.500000000000000        394.70100000000002     
   29.750000000000000        396.09600000000000     
   30.000000000000000        399.02300000000002     
   30.250000000000000        401.01800000000003     
   30.500000000000000        402.59600000000000     
   30.750000000000000        403.44600000000003     
   31.000000000000000        403.49099999999999     
   31.250000000000000        403.51800000000003     
   31.500000000000000        405.59350000000001     
   31.750000000000000        406.06500000000000     
   32.000000000000000        398.17250000000001     
   32.250000000000000        392.14949999999999     
   32.500000000000000        392.86850000000004     
   32.750000000000000        394.34800000000001     
   33.000000000000000        395.17250000000001     
   33.250000000000000        394.97600000000000     
   33.500000000000000        397.46699999999998     
   33.750000000000000        399.17899999999997     
   34.000000000000000        398.48050000000001     
   34.250000000000000        396.54899999999998     
   34.500000000000000        395.63200000000001     
   34.750000000000000        397.72749999999996     
   35.000000000000000        399.07399999999996     
   35.250000000000000        400.83749999999998     
   35.500000000000000        401.58699999999999     
   35.750000000000000        401.79200000000003     
   36.000000000000000        402.85900000000004     
   36.250000000000000        402.25400000000002     
   36.500000000000000        403.79399999999998     
   36.750000000000000        403.94550000000004     
   37.000000000000000        404.90600000000001     
   37.250000000000000        406.39400000000001     
   37.500000000000000        403.43650000000002     
   37.750000000000000        402.60649999999998     
   38.000000000000000        404.72000000000003     
   38.250000000000000        404.60250000000002     
   38.500000000000000        404.34300000000002     
   38.750000000000000        405.42949999999996     
   39.000000000000000        405.35550000000001     
   39.250000000000000        406.31549999999999     
   39.500000000000000        407.20100000000002     
   39.750000000000000        406.60350000000000     
   40.000000000000000        406.62700000000001     
   40.250000000000000        407.56650000000002     
   40.500000000000000        407.57050000000004     
   40.750000000000000        407.50400000000002     
   41.000000000000000        406.45399999999995     
   41.250000000000000        406.41600000000000     
   41.500000000000000        408.68899999999996     
   41.750000000000000        408.56999999999999     
   42.000000000000000        407.12250000000000     
   42.250000000000000        406.40600000000001     
   42.500000000000000        405.87800000000004     
   42.750000000000000        407.11000000000001     
   43.000000000000000        408.30849999999998     
   43.250000000000000        407.98950000000002     
   43.500000000000000        407.44450000000001     
   43.750000000000000        409.56650000000002     
   44.000000000000000        409.80650000000003     
   44.250000000000000        409.22649999999999     
   44.500000000000000        409.15999999999997     
   44.750000000000000        407.95600000000002     
   45.000000000000000        407.96349999999995     
   45.250000000000000        408.88700000000000     
   45.500000000000000        409.91250000000002     
   45.750000000000000        410.10350000000000     
   46.000000000000000        411.07799999999997     
   46.250000000000000        409.83799999999997     
   46.500000000000000        409.79899999999998     
   46.750000000000000        409.32799999999997     
   47.000000000000000        409.56750000000000     
   47.250000000000000        410.62250000000000     
   47.500000000000000        409.82650000000001     
   47.750000000000000        411.24450000000002     
   48.000000000000000        409.89650000000000     
   48.250000000000000        410.14900000000000     
   48.500000000000000        411.51750000000004     
   48.750000000000000        410.83400000000000     
   49.000000000000000        410.39800000000002     
   49.250000000000000        408.94450000000001     
   49.500000000000000        409.27700000000004     
   49.750000000000000        410.26750000000004     
   50.000000000000000        409.39949999999999     
   50.250000000000000        410.30549999999999     
   50.500000000000000        411.26949999999999     
   50.750000000000000        410.56950000000001     
   51.000000000000000        411.89850000000001     
   51.250000000000000        412.04149999999998     
   51.500000000000000        411.68599999999998     
   51.750000000000000        410.90249999999997     
   52.000000000000000        411.93049999999999     
   52.250000000000000        413.52449999999999     
   52.500000000000000        411.45050000000003     
   52.750000000000000        410.56250000000000     
   53.000000000000000        409.33749999999998     
   53.250000000000000        409.72300000000001     
   53.500000000000000        412.54250000000002     
   53.750000000000000        411.62049999999999     
   54.000000000000000        411.26200000000000     
   54.250000000000000        411.82350000000002     
   54.500000000000000        410.31200000000001     
   54.750000000000000        410.83150000000001     
   55.000000000000000        412.89499999999998     
   55.250000000000000        412.42500000000001     
   55.500000000000000        411.05450000000002     
   55.750000000000000        411.12800000000004     
   56.000000000000000        411.50500000000000     
   56.250000000000000        410.62950000000001     
   56.500000000000000        409.54550000000000     
   56.750000000000000        410.45699999999999     
   57.000000000000000        410.71150000000000     
   57.250000000000000        410.02549999999997     
   57.500000000000000        410.71449999999999     
   57.750000000000000        409.69150000000002     
   58.000000000000000        408.50200000000001     
   58.250000000000000        409.49950000000001     
   58.500000000000000        410.17899999999997     
   58.750000000000000        410.21449999999999     
   59.000000000000000        408.55849999999998     
   59.250000000000000        408.25799999999998     
   59.500000000000000        408.79049999999995     
   59.750000000000000        407.47249999999997     
   60.000000000000000        407.68549999999999     
   60.250000000000000        407.48649999999998     
   60.500000000000000        405.34150000000000     
   60.750000000000000        405.90400000000000     
   61.000000000000000        406.24599999999998     
   61.250000000000000        404.58799999999997     
   61.500000000000000        405.56550000000004     
   61.750000000000000        405.96850000000001     
   62.000000000000000        405.20799999999997     
   62.250000000000000        404.70749999999998     
   62.500000000000000        404.13350000000003     
   62.750000000000000        405.15449999999998     
   63.000000000000000        403.96600000000001     
   63.250000000000000        402.62800000000004     
   63.500000000000000        403.54949999999997     
   63.750000000000000        404.27949999999998     
   64.000000000000000        403.75799999999998     
   64.250000000000000        401.58799999999997     
   64.500000000000000        400.40400000000000     
   64.750000000000000        400.80799999999999     
   65.000000000000000        401.87850000000003     
   65.250000000000000        401.78899999999999     
   65.500000000000000        401.03250000000003     
   65.750000000000000        398.99249999999995     
   66.000000000000000        397.40850000000000     
   66.250000000000000        399.13300000000004     
   66.500000000000000        398.99199999999996     
   66.750000000000000        397.26149999999996     
   67.000000000000000        397.00700000000001     
   67.250000000000000        396.49149999999997     
   67.500000000000000        396.04999999999995     
   67.750000000000000        396.07999999999998     
   68.000000000000000        395.81999999999999     
   68.250000000000000        394.43899999999996     
   68.500000000000000        392.86399999999998     
   68.750000000000000        391.99900000000002     
   69.000000000000000        391.44050000000004     
   69.250000000000000        390.46699999999998     
   69.500000000000000        390.39700000000005     
   69.750000000000000        389.74850000000004     
   70.000000000000000        389.67599999999999     
   70.250000000000000        390.38400000000001     
   70.500000000000000        389.76149999999996     
   70.750000000000000        387.97299999999996     
   71.000000000000000        387.91149999999999     
   71.250000000000000        388.68950000000001     
   71.500000000000000        387.20000000000005     
   71.750000000000000        385.34950000000003     
   72.000000000000000        383.21199999999999     
   72.250000000000000        383.89549999999997     
   72.500000000000000        383.71150000000000     
   72.750000000000000        381.19349999999997     
   73.000000000000000        381.03800000000001     
   73.250000000000000        381.13200000000001     
   73.500000000000000        379.72950000000003     
   73.750000000000000        377.72050000000002     
   74.000000000000000        377.74900000000002     
   74.250000000000000        378.31799999999998     
   74.500000000000000        377.35850000000005     
   74.750000000000000        375.40650000000005     
   75.000000000000000        373.91750000000002     
   75.250000000000000        374.01900000000001     
   75.500000000000000        373.55399999999997     
   75.750000000000000        373.32950000000000     
   76.000000000000000        372.17050000000000     
   76.250000000000000        370.76800000000003     
   76.500000000000000        369.61300000000000     
   76.750000000000000        368.52350000000001     
   77.000000000000000        367.89449999999999     
   77.250000000000000        366.89999999999998     
   77.500000000000000        366.22100000000000     
   77.750000000000000        366.03499999999997     
   78.000000000000000        366.01150000000001     
   78.250000000000000        365.23099999999999     
   78.500000000000000        363.67399999999998     
   78.750000000000000        362.21349999999995     
   79.000000000000000        360.38950000000000     
   79.250000000000000        359.43000000000001     
   79.500000000000000        360.60649999999998     
   79.750000000000000        358.90600000000001     
   80.000000000000000        356.56150000000002     
   80.250000000000000        356.73599999999999     
   80.500000000000000        356.66300000000001     
   80.750000000000000        355.73849999999999     
   81.000000000000000        354.61099999999999     
   81.250000000000000        354.63000000000000     
   81.500000000000000        355.28550000000001     
   81.750000000000000        353.40650000000005     
   82.000000000000000        350.98750000000001     
   82.250000000000000        350.03750000000002     
   82.500000000000000        349.03850000000000     
   82.750000000000000        348.84600000000000     
   83.000000000000000        348.71850000000001     
   83.250000000000000        346.74450000000002     
   83.500000000000000        344.84600000000000     
   83.750000000000000        344.39449999999999     
   84.000000000000000        343.22649999999999     
   84.250000000000000        344.54399999999998     
   84.500000000000000        344.42949999999996     
   84.750000000000000        342.31950000000001     
   85.000000000000000        340.23149999999998     
   85.250000000000000        338.93200000000002     
   85.500000000000000        340.47100000000000     
   85.750000000000000        339.89800000000002     
   86.000000000000000        338.14449999999999     
   86.250000000000000        337.18700000000001     
   86.500000000000000        335.04999999999995     
   86.750000000000000        334.66300000000001     
   87.000000000000000        334.40600000000001     
   87.250000000000000        332.87350000000004     
   87.500000000000000        331.82299999999998     
   87.750000000000000        330.49549999999999     
   88.000000000000000        329.87000000000000     
   88.250000000000000        328.95249999999999     
   88.500000000000000        328.13200000000001     
   88.750000000000000        328.65100000000001     
   89.000000000000000        328.48649999999998     
   89.250000000000000        326.87850000000003     
   89.500000000000000        326.87000000000000     
   89.750000000000000        326.59649999999999     
   90.000000000000000        324.73350000000005     
   90.250000000000000        323.20200000000000     
   90.500000000000000        321.87149999999997     
   90.750000000000000        321.24700000000001     
   91.000000000000000        320.41449999999998     
   91.250000000000000        319.97050000000002     
   91.500000000000000        318.83049999999997     
   91.750000000000000        318.37649999999996     
   92.000000000000000        318.29349999999999     
   92.250000000000000        317.48000000000002     
   92.500000000000000        316.89900000000000     
   92.750000000000000        314.95900000000000     
   93.000000000000000        313.88150000000002     
   93.250000000000000        313.03200000000004     
   93.500000000000000        313.06299999999999     
   93.750000000000000        312.50199999999995     
   94.000000000000000        310.93650000000002     
   94.250000000000000        310.42949999999996     
   94.500000000000000        309.68650000000002     
   94.750000000000000        308.46249999999998     
   95.000000000000000        308.01599999999996     
   95.250000000000000        307.98849999999999     
   95.500000000000000        306.07650000000001     
   95.750000000000000        304.73199999999997     
   96.000000000000000        304.02200000000005     
   96.250000000000000        303.21400000000000     
   96.500000000000000        303.04599999999999     
   96.750000000000000        300.99149999999997     
   97.000000000000000        301.04550000000000     
   97.250000000000000        301.09749999999997     
   97.500000000000000        299.40250000000003     
   97.750000000000000        298.11649999999997     
   98.000000000000000        296.50799999999998     
   98.250000000000000        295.63000000000000     
   98.500000000000000        294.90750000000003     
   98.750000000000000        294.40449999999998     
   99.000000000000000        293.20349999999996     
   99.250000000000000        292.07799999999997     
   99.500000000000000        291.37700000000001     
   99.750000000000000        290.81950000000001     
   100.00000000000000        290.22050000000002     
   100.25000000000000        297.20999999999998     
   100.50000000000000        303.49000000000001     
   100.75000000000000        302.40449999999998     
   101.00000000000000        301.90350000000001     
   101.25000000000000        302.19900000000001     
   101.50000000000000        302.08249999999998     
   101.75000000000000        300.38750000000005     
   102.00000000000000        300.44749999999999     
   102.25000000000000        301.05349999999999     
   102.50000000000000        299.84950000000003     
   102.75000000000000        298.08100000000002     
   103.00000000000000        297.79700000000003     
   103.25000000000000        297.02449999999999     
   103.50000000000000        295.58950000000004     
   103.75000000000000        295.94850000000002     
   104.00000000000000        295.48850000000004     
   104.25000000000000        293.39800000000002     
   104.50000000000000        292.43399999999997     
   104.75000000000000        293.25749999999999     
   105.00000000000000        292.71849999999995     
   105.25000000000000        290.69749999999999     
   105.50000000000000        290.73599999999999     
   105.75000000000000        291.16949999999997     
   106.00000000000000        290.80300000000000     
   106.25000000000000        290.36550000000000     
   106.50000000000000        289.41800000000001     
   106.75000000000000        288.45949999999999     
   107.00000000000000        287.02449999999999     
   107.25000000000000        286.25950000000000     
   107.50000000000000        286.06500000000000     
   107.75000000000000        285.92550000000000     
   108.00000000000000        285.45350000000002     
   108.25000000000000        284.62900000000002     
   108.50000000000000        284.23750000000001     
   108.75000000000000        284.29250000000002     
   109.00000000000000        284.09199999999998     
   109.25000000000000        284.61300000000000     
   109.50000000000000        284.15800000000002     
   109.75000000000000        282.42500000000001     
   110.00000000000000        282.29300000000001     
   110.25000000000000        282.74400000000003     
   110.50000000000000        282.08199999999999     
   110.75000000000000        280.50049999999999     
   111.00000000000000        279.52499999999998     
   111.25000000000000        279.41949999999997     
   111.50000000000000        278.48199999999997     
   111.75000000000000        278.26850000000002     
   112.00000000000000        278.69700000000000     
   112.25000000000000        278.16600000000000     
   112.50000000000000        277.07299999999998     
   112.75000000000000        277.24950000000001     
   113.00000000000000        277.67399999999998     
   113.25000000000000        276.85000000000002     
   113.50000000000000        277.15400000000000     
   113.75000000000000        276.02499999999998     
   114.00000000000000        275.72749999999996     
   114.25000000000000        275.13249999999999     
   114.50000000000000        274.38299999999998     
   114.75000000000000        274.41849999999999     
   115.00000000000000        273.47050000000002     
   115.25000000000000        274.01300000000003     
   115.50000000000000        274.88099999999997     
   115.75000000000000        273.41800000000001     
   116.00000000000000        272.85550000000001     
   116.25000000000000        272.69600000000003     
   116.50000000000000        272.30050000000000     
   116.75000000000000        273.89449999999999     
   117.00000000000000        272.67200000000003     
   117.25000000000000        270.31950000000001     
   117.50000000000000        270.46950000000004     
   117.75000000000000        271.13450000000000     
   118.00000000000000        269.78499999999997     
   118.25000000000000        268.84600000000000     
   118.50000000000000        269.52400000000000     
   118.75000000000000        267.59199999999998     
   119.00000000000000        266.66150000000005     
   119.25000000000000        267.83350000000002     
   119.50000000000000        268.47649999999999     
   119.75000000000000        268.35000000000002     
   120.00000000000000        267.24700000000001     
   120.25000000000000        267.60950000000003     
   120.50000000000000        268.37049999999999     
   120.75000000000000        266.41200000000003     
   121.00000000000000        265.02900000000000     
   121.25000000000000        264.98000000000002     
   121.50000000000000        264.55549999999999     
   121.75000000000000        265.16049999999996     
   122.00000000000000        265.71150000000000     
   122.25000000000000        265.44700000000000     
   122.50000000000000        264.99199999999996     
   122.75000000000000        265.02300000000002     
   123.00000000000000        265.82799999999997     
   123.25000000000000        264.83550000000002     
   123.50000000000000        263.04800000000000     
   123.75000000000000        263.03650000000005     
   124.00000000000000        262.94400000000002     
   124.25000000000000        263.27600000000001     
   124.50000000000000        263.03050000000002     
   124.75000000000000        261.55250000000001     
   125.00000000000000        262.05399999999997     
   125.25000000000000        261.46150000000000     
   125.50000000000000        260.87400000000002     
   125.75000000000000        262.35249999999996     
   126.00000000000000        262.41399999999999     
   126.25000000000000        262.09749999999997     
   126.50000000000000        260.12850000000003     
   126.75000000000000        259.56399999999996     
   127.00000000000000        259.73399999999998     
   127.25000000000000        258.34749999999997     
   127.50000000000000        259.21600000000001     
   127.75000000000000        260.64600000000002     
   128.00000000000000        259.72950000000003     
   128.25000000000000        258.01949999999999     
   128.50000000000000        257.83000000000004     
   128.75000000000000        257.85350000000000     
   129.00000000000000        257.73450000000003     
   129.25000000000000        258.55600000000004     
   129.50000000000000        259.74350000000004     
   129.75000000000000        258.47249999999997     
   130.00000000000000        257.78549999999996     
   130.25000000000000        258.64599999999996     
   130.50000000000000        257.71249999999998     
   130.75000000000000        256.70049999999998     
   131.00000000000000        256.17399999999998     
   131.25000000000000        255.68349999999998     
   131.50000000000000        257.25000000000000     
   131.75000000000000        258.04700000000003     
   132.00000000000000        256.90750000000003     
   132.25000000000000        256.40949999999998     
   132.50000000000000        255.93250000000000     
   132.75000000000000        256.46350000000001     
   133.00000000000000        257.33950000000004     
   133.25000000000000        256.40850000000000     
   133.50000000000000        255.80050000000000     
   133.75000000000000        255.66649999999998     
   134.00000000000000        255.12200000000001     
   134.25000000000000        255.46199999999999     
   134.50000000000000        255.62599999999998     
   134.75000000000000        254.41300000000001     
   135.00000000000000        253.52550000000002     
   135.25000000000000        254.57400000000001     
   135.50000000000000        254.63900000000001     
   135.75000000000000        253.92400000000001     
   136.00000000000000        253.17050000000000     
   136.25000000000000        253.26450000000000     
   136.50000000000000        254.09250000000000     
   136.75000000000000        253.67349999999999     
   137.00000000000000        252.63100000000000     
   137.25000000000000        251.62400000000000     
   137.50000000000000        252.96299999999999     
   137.75000000000000        254.20400000000001     
   138.00000000000000        252.79200000000000     
   138.25000000000000        252.81000000000000     
   138.50000000000000        252.49050000000000     
   138.75000000000000        251.81950000000001     
   139.00000000000000        252.74400000000000     
   139.25000000000000        253.14800000000000     
   139.50000000000000        252.22950000000000     
   139.75000000000000        251.48450000000000     
   140.00000000000000        251.41849999999999     
   140.25000000000000        249.92099999999999     
   140.50000000000000        250.43599999999998     
   140.75000000000000        251.70050000000001     
   141.00000000000000        251.42950000000002     
   141.25000000000000        251.50600000000000     
   141.50000000000000        250.71150000000000     
   141.75000000000000        250.33550000000000     
   142.00000000000000        250.39999999999998     
   142.25000000000000        250.10950000000000     
   142.50000000000000        249.63450000000000     
   142.75000000000000        248.55650000000000     
   143.00000000000000        249.55900000000000     
   143.25000000000000        249.59300000000002     
   143.50000000000000        249.04950000000002     
   143.75000000000000        249.53600000000000     
   144.00000000000000        249.98200000000000     
   144.25000000000000        250.31049999999999     
   144.50000000000000        249.36550000000000     
   144.75000000000000        249.01200000000000     
   145.00000000000000        249.75049999999999     
   145.25000000000000        250.04100000000000     
   145.50000000000000        249.53600000000000     
   145.75000000000000        248.99400000000000     
   146.00000000000000        249.54949999999999     
   146.25000000000000        249.72600000000000     
   146.50000000000000        247.82200000000000     
   146.75000000000000        247.84800000000001     
   147.00000000000000        247.54900000000001     
   147.25000000000000        246.34800000000001     
   147.50000000000000        245.63950000000000     
   147.75000000000000        245.43350000000001     
   148.00000000000000        246.87500000000000     
   148.25000000000000        248.24549999999999     
   148.50000000000000        247.26249999999999     
   148.75000000000000        247.24600000000001     
   149.00000000000000        248.21449999999999     
   149.25000000000000        247.33249999999998     
   149.50000000000000        247.43549999999999     
   149.75000000000000        247.10250000000002     
   150.00000000000000        246.61150000000001     
   150.25000000000000        247.69049999999999     
   150.50000000000000        247.96249999999998     
   150.75000000000000        246.82599999999999     
   151.00000000000000        246.97649999999999     
   151.25000000000000        246.55500000000001     
   151.50000000000000        245.98500000000001     
   151.75000000000000        246.51700000000000     
   152.00000000000000        244.60399999999998     
   152.25000000000000        244.19600000000000     
   152.50000000000000        245.20749999999998     
   152.75000000000000        245.18900000000002     
   153.00000000000000        244.87900000000002     
   153.25000000000000        244.93450000000001     
   153.50000000000000        245.08300000000000     
   153.75000000000000        245.05599999999998     
   154.00000000000000        244.18150000000000     
   154.25000000000000        242.69299999999998     
   154.50000000000000        244.22000000000000     
   154.75000000000000        244.95350000000002     
   155.00000000000000        245.05349999999999     
   155.25000000000000        245.35700000000000     
   155.50000000000000        245.47399999999999     
   155.75000000000000        245.29700000000000     
   156.00000000000000        243.37049999999999     
   156.25000000000000        243.16950000000000     
   156.50000000000000        243.56650000000002     
   156.75000000000000        243.54800000000000     
   157.00000000000000        244.71699999999998     
   157.25000000000000        245.17449999999999     
   157.50000000000000        243.57200000000000     
   157.75000000000000        242.73300000000000     
   158.00000000000000        243.11300000000000     
   158.25000000000000        243.27249999999998     
   158.50000000000000        243.08749999999998     
   158.75000000000000        241.98699999999999     
   159.00000000000000        242.57499999999999     
   159.25000000000000        243.18600000000001     
   159.50000000000000        242.29949999999999     
   159.75000000000000        241.96150000000000     
   160.00000000000000        241.17949999999999     
   160.25000000000000        241.41700000000000     
   160.50000000000000        242.00250000000000     
   160.75000000000000        242.18750000000000     
   161.00000000000000        243.03149999999999     
   161.25000000000000        242.27650000000000     
   161.50000000000000        241.40649999999999     
   161.75000000000000        241.56200000000001     
   162.00000000000000        241.02150000000000     
   162.25000000000000        241.88350000000000     
   162.50000000000000        242.42250000000001     
   162.75000000000000        241.44200000000001     
   163.00000000000000        241.42650000000000     
   163.25000000000000        241.87950000000001     
   163.50000000000000        241.08900000000000     
   163.75000000000000        239.98500000000001     
   164.00000000000000        240.34200000000001     
   164.25000000000000        240.98050000000001     
   164.50000000000000        240.50600000000000     
   164.75000000000000        239.80200000000002     
   165.00000000000000        240.41600000000000     
   165.25000000000000        240.43850000000000     
   165.50000000000000        239.64650000000000     
   165.75000000000000        239.00450000000001     
   166.00000000000000        238.57749999999999     
   166.25000000000000        238.94250000000000     
   166.50000000000000        239.57700000000000     
   166.75000000000000        240.07850000000002     
   167.00000000000000        239.02199999999999     
   167.25000000000000        238.66050000000001     
   167.50000000000000        239.25400000000002     
   167.75000000000000        239.27400000000000     
   168.00000000000000        239.43000000000001     
   168.25000000000000        239.17449999999999     
   168.50000000000000        239.53000000000000     
   168.75000000000000        238.50749999999999     
   169.00000000000000        238.03649999999999     
   169.25000000000000        237.97399999999999     
   169.50000000000000        238.00400000000002     
   169.75000000000000        238.20949999999999     
   170.00000000000000        237.18500000000000     
   170.25000000000000        236.73849999999999     
   170.50000000000000        237.26550000000000     
   170.75000000000000        237.36099999999999     
   171.00000000000000        236.54000000000002     
   171.25000000000000        236.55450000000002     
   171.50000000000000        236.83300000000000     
   171.75000000000000        235.84750000000000     
   172.00000000000000        235.47050000000002     
   172.25000000000000        236.52600000000001     
   172.50000000000000        236.29649999999998     
   172.75000000000000        235.06200000000001     
   173.00000000000000        234.93250000000000     
   173.25000000000000        235.39600000000002     
   173.50000000000000        234.90899999999999     
   173.75000000000000        235.31099999999998     
   174.00000000000000        235.94600000000000     
   174.25000000000000        235.71750000000000     
   174.50000000000000        235.88749999999999     
   174.75000000000000        236.07300000000001     
   175.00000000000000        236.14949999999999     
   175.25000000000000        235.69200000000001     
   175.50000000000000        235.27449999999999     
   175.75000000000000        234.62549999999999     
   176.00000000000000        234.61949999999999     
   176.25000000000000        234.21100000000001     
   176.50000000000000        234.42349999999999     
   176.75000000000000        235.65899999999999     
   177.00000000000000        234.63300000000001     
   177.25000000000000        233.75150000000002     
   177.50000000000000        233.59399999999999     
   177.75000000000000        233.55000000000001     
   178.00000000000000        233.99650000000000     
   178.25000000000000        235.46850000000001     
   178.50000000000000        235.55849999999998     
   178.75000000000000        234.21150000000000     
   179.00000000000000        232.76650000000001     
   179.25000000000000        232.07700000000000     
   179.50000000000000        233.13900000000001     
   179.75000000000000        234.20450000000000     
   180.00000000000000        233.22800000000001     
   180.25000000000000        233.04100000000000     
   180.50000000000000        233.17250000000001     
   180.75000000000000        234.30900000000000     
   181.00000000000000        235.03100000000001     
   181.25000000000000        233.05149999999998     
   181.50000000000000        232.23300000000000     
   181.75000000000000        232.42949999999999     
   182.00000000000000        231.85149999999999     
   182.25000000000000        231.85399999999998     
   182.50000000000000        233.24400000000000     
   182.75000000000000        233.24000000000001     
   183.00000000000000        232.01749999999998     
   183.25000000000000        231.24400000000000     
   183.50000000000000        231.33650000000000     
   183.75000000000000        230.53850000000000     
   184.00000000000000        230.35649999999998     
   184.25000000000000        231.43750000000000     
   184.50000000000000        231.45150000000001     
   184.75000000000000        231.50200000000001     
   185.00000000000000        230.29349999999999     
   185.25000000000000        230.41649999999998     
   185.50000000000000        230.75250000000000     
   185.75000000000000        230.25650000000002     
   186.00000000000000        230.28649999999999     
   186.25000000000000        231.17400000000001     
   186.50000000000000        231.89699999999999     
   186.75000000000000        230.17950000000002     
   187.00000000000000        229.92250000000001     
   187.25000000000000        229.87799999999999     
   187.50000000000000        230.02250000000001     
   187.75000000000000        230.57249999999999     
   188.00000000000000        229.96550000000002     
   188.25000000000000        228.73349999999999     
   188.50000000000000        228.21699999999998     
   188.75000000000000        228.84150000000000     
   189.00000000000000        229.10450000000000     
   189.25000000000000        228.20400000000001     
   189.50000000000000        228.82400000000001     
   189.75000000000000        229.33949999999999     
   190.00000000000000        228.35399999999998     
   190.25000000000000        228.18750000000000     
   190.50000000000000        227.85100000000000     
   190.75000000000000        226.92200000000000     
   191.00000000000000        228.09249999999997     
   191.25000000000000        229.51599999999999     
   191.50000000000000        228.74299999999999     
   191.75000000000000        227.66149999999999     
   192.00000000000000        227.26800000000000     
   192.25000000000000        227.58799999999999     
   192.50000000000000        226.91750000000002     
   192.75000000000000        226.71750000000000     
   193.00000000000000        227.09500000000000     
   193.25000000000000        227.09500000000000     
   193.50000000000000        227.92000000000002     
   193.75000000000000        227.21699999999998     
   194.00000000000000        227.02350000000001     
   194.25000000000000        226.77900000000000     
   194.50000000000000        225.68900000000002     
   194.75000000000000        227.00400000000002     
   195.00000000000000        227.24450000000002     
   195.25000000000000        225.93850000000000     
   195.50000000000000        225.03899999999999     
   195.75000000000000        224.93950000000001     
   196.00000000000000        225.62850000000000     
   196.25000000000000        226.47600000000000     
   196.50000000000000        225.70300000000000     
   196.75000000000000        224.93200000000002     
   197.00000000000000        225.68950000000001     
   197.25000000000000        226.77900000000000     
   197.50000000000000        226.47050000000002     
   197.75000000000000        225.39750000000001     
   198.00000000000000        224.54300000000001     
   198.25000000000000        224.50150000000002     
   198.50000000000000        225.08750000000001     
   198.75000000000000        224.54399999999998     
   199.00000000000000        224.20200000000000     
   199.25000000000000        224.55549999999999     
   199.50000000000000        224.76450000000000     
   199.75000000000000        223.44499999999999     
   200.00000000000000        222.09899999999999     
   200.25000000000000        221.56200000000001     
   200.50000000000000        221.93400000000000     
   200.75000000000000        223.00850000000000     
   201.00000000000000        222.83400000000000     
   201.25000000000000        222.91050000000001     
   201.50000000000000        223.11050000000000     
   201.75000000000000        223.03800000000001     
   202.00000000000000        223.37549999999999     
   202.25000000000000        222.47500000000002     
   202.50000000000000        222.15250000000000     
   202.75000000000000        222.59899999999999     
   203.00000000000000        221.80750000000000     
   203.25000000000000        220.53000000000000     
   203.50000000000000        221.46899999999999     
   203.75000000000000        221.36349999999999     
   204.00000000000000        219.94749999999999     
   204.25000000000000        220.48949999999999     
   204.50000000000000        220.87799999999999     
   204.75000000000000        220.97050000000002     
   205.00000000000000        221.35149999999999     
   205.25000000000000        220.53199999999998     
   205.50000000000000        220.18549999999999     
   205.75000000000000        221.03949999999998     
   206.00000000000000        220.73899999999998     
   206.25000000000000        220.29300000000001     
   206.50000000000000        220.56099999999998     
   206.75000000000000        220.14800000000000     
   207.00000000000000        219.46899999999999     
   207.25000000000000        220.22449999999998     
   207.50000000000000        220.76999999999998     
   207.75000000000000        219.73649999999998     
   208.00000000000000        218.61199999999999     
   208.25000000000000        218.82650000000001     
   208.50000000000000        218.79100000000000     
   208.75000000000000        218.61250000000001     
   209.00000000000000        218.71650000000000     
   209.25000000000000        219.22300000000001     
   209.50000000000000        218.88000000000000     
   209.75000000000000        217.77150000000000     
   210.00000000000000        217.42800000000000     
   210.25000000000000        219.14150000000001     
   210.50000000000000        218.40800000000002     
   210.75000000000000        217.44999999999999     
   211.00000000000000        218.50700000000001     
   211.25000000000000        217.62950000000001     
   211.50000000000000        217.25999999999999     
   211.75000000000000        216.90400000000000     
   212.00000000000000        216.73300000000000     
   212.25000000000000        216.25200000000001     
   212.50000000000000        216.45200000000000     
   212.75000000000000        217.71650000000000     
   213.00000000000000        217.71949999999998     
   213.25000000000000        216.48300000000000     
   213.50000000000000        216.59850000000000     
   213.75000000000000        217.68299999999999     
   214.00000000000000        216.35200000000000     
   214.25000000000000        215.40300000000002     
   214.50000000000000        215.53800000000001     
   214.75000000000000        214.95450000000000     
   215.00000000000000        216.27150000000000     
   215.25000000000000        216.87500000000000     
   215.50000000000000        215.81000000000000     
   215.75000000000000        215.53399999999999     
   216.00000000000000        215.37099999999998     
   216.25000000000000        215.88749999999999     
   216.50000000000000        216.90049999999999     
   216.75000000000000        215.88350000000000     
   217.00000000000000        214.94749999999999     
   217.25000000000000        215.17550000000000     
   217.50000000000000        214.75200000000001     
   217.75000000000000        215.65500000000000     
   218.00000000000000        216.30000000000001     
   218.25000000000000        216.07450000000000     
   218.50000000000000        215.08650000000000     
   218.75000000000000        214.05799999999999     
   219.00000000000000        214.75850000000000     
   219.25000000000000        214.54300000000001     
   219.50000000000000        214.29500000000002     
   219.75000000000000        214.49849999999998     
   220.00000000000000        213.76650000000001     
   220.25000000000000        213.10700000000000     
   220.50000000000000        213.20550000000000     
   220.75000000000000        213.23550000000000     
   221.00000000000000        213.26600000000002     
   221.25000000000000        214.03250000000000     
   221.50000000000000        213.66600000000000     
   221.75000000000000        213.43000000000001     
   222.00000000000000        213.35750000000002     
   222.25000000000000        212.56099999999998     
   222.50000000000000        212.18650000000000     
   222.75000000000000        211.97250000000000     
   223.00000000000000        212.06850000000000     
   223.25000000000000        211.66849999999999     
   223.50000000000000        211.66950000000000     
   223.75000000000000        211.52650000000000     
   224.00000000000000        211.34000000000000     
   224.25000000000000        210.62400000000000     
   224.50000000000000        210.06649999999999     
   224.75000000000000        212.23849999999999     
   225.00000000000000        212.08900000000000     
   225.25000000000000        210.03950000000000     
   225.50000000000000        209.83100000000002     
   225.75000000000000        210.38550000000001     
   226.00000000000000        210.87900000000002     
   226.25000000000000        210.20100000000002     
   226.50000000000000        210.34600000000000     
   226.75000000000000        211.18450000000001     
   227.00000000000000        211.33650000000000     
   227.25000000000000        209.65500000000000     
   227.50000000000000        207.90250000000000     
   227.75000000000000        208.01050000000001     
   228.00000000000000        209.06549999999999     
   228.25000000000000        209.91449999999998     
   228.50000000000000        209.03899999999999     
   228.75000000000000        208.37250000000000     
   229.00000000000000        209.11650000000000     
   229.25000000000000        209.42050000000000     
   229.50000000000000        209.31999999999999     
   229.75000000000000        209.90049999999999     
   230.00000000000000        209.38450000000000     
   230.25000000000000        208.37049999999999     
   230.50000000000000        209.41450000000000     
   230.75000000000000        209.44000000000000     
   231.00000000000000        208.48550000000000     
   231.25000000000000        208.95100000000002     
   231.50000000000000        208.43900000000002     
   231.75000000000000        207.53050000000002     
   232.00000000000000        207.25500000000000     
   232.25000000000000        207.85700000000000     
   232.50000000000000        207.47950000000000     
   232.75000000000000        206.46449999999999     
   233.00000000000000        206.43150000000000     
   233.25000000000000        207.35050000000001     
   233.50000000000000        207.46050000000000     
   233.75000000000000        206.96800000000002     
   234.00000000000000        206.93549999999999     
   234.25000000000000        205.84999999999999     
   234.50000000000000        205.06450000000001     
   234.75000000000000        205.71400000000000     
   235.00000000000000        206.49500000000000     
   235.25000000000000        206.28149999999999     
   235.50000000000000        205.97050000000002     
   235.75000000000000        205.87349999999998     
   236.00000000000000        205.41550000000001     
   236.25000000000000        205.45050000000001     
   236.50000000000000        205.89449999999999     
   236.75000000000000        205.95900000000000     
   237.00000000000000        206.27199999999999     
   237.25000000000000        205.51600000000002     
   237.50000000000000        204.78600000000000     
   237.75000000000000        204.59750000000000     
   238.00000000000000        204.79349999999999     
   238.25000000000000        203.85649999999998     
   238.50000000000000        203.16750000000002     
   238.75000000000000        204.90300000000002     
   239.00000000000000        204.75400000000002     
   239.25000000000000        204.34750000000003     
   239.50000000000000        205.00850000000003     
   239.75000000000000        204.77199999999999     
   240.00000000000000        204.72499999999999     
   240.25000000000000        204.26599999999999     
   240.50000000000000        203.02199999999999     
   240.75000000000000        203.22100000000000     
   241.00000000000000        204.46949999999998     
   241.25000000000000        204.97050000000002     
   241.50000000000000        205.40150000000000     
   241.75000000000000        203.46600000000001     
   242.00000000000000        202.98750000000001     
   242.25000000000000        203.81299999999999     
   242.50000000000000        201.96299999999999     
   242.75000000000000        201.89650000000000     
   243.00000000000000        201.76999999999998     
   243.25000000000000        202.35899999999998     
   243.50000000000000        203.68349999999998     
   243.75000000000000        202.45150000000001     
   244.00000000000000        201.10450000000000     
   244.25000000000000        201.84200000000001     
   244.50000000000000        201.53399999999999     
   244.75000000000000        200.11400000000000     
   245.00000000000000        200.98500000000001     
   245.25000000000000        201.94549999999998     
   245.50000000000000        201.07400000000001     
   245.75000000000000        200.67599999999999     
   246.00000000000000        200.62850000000000     
   246.25000000000000        200.86650000000000     
   246.50000000000000        201.18150000000000     
   246.75000000000000        200.80549999999999     
   247.00000000000000        200.78250000000000     
   247.25000000000000        200.77150000000000     
   247.50000000000000        200.54599999999999     
   247.75000000000000        199.89350000000002     
   248.00000000000000        199.55650000000000     
   248.25000000000000        199.94600000000000     
   248.50000000000000        199.55950000000001     
   248.75000000000000        198.80750000000000     
   249.00000000000000        198.01800000000000     
   249.25000000000000        195.68049999999999     
   249.50000000000000        192.31000000000000     
   249.75000000000000        185.83900000000000     
   250.00000000000000        181.15799999999999     
